-5759.3 -12688.8 -14.6 350 0 14.5 66.2 10.0 2.5 2 1 4 1 1
-5853.1 -12678.3 -14.6 165 0 19.9 19.5 7.5 2.5 2 0 3 1 1
-5850.7 -12620.5 -14.9 254 0 29.6 34.3 7.5 0.0 0 1 3 3 3
-5886.9 -12674.1 -14.9 255 0 21.4 31.8 7.5 0.0 0 1 3 3 3
-5885.7 -12643.7 -14.9 344 0 37.7 17.4 7.5 2.5 2 0 3 3 3
-5888.0 -12575.2 -14.8 254 0 21.9 16.8 10.0 2.5 2 0 4 1 1
-5909.8 -12669.7 -15.2 74 0 18.8 19.5 7.5 2.5 2 1 3 3 3
-5949.6 -12702.8 -15.6 164 0 8.5 8.9 7.5 2.5 2 1 3 0 0
-5933.2 -12643.1 -15.2 164 0 10.8 21.3 10.0 2.5 2 1 4 1 1
-5939.0 -12651.7 -15.2 345 0 30.1 10.6 10.0 2.5 2 0 4 3 3
-5691.5 -12575.1 -16.2 254 0 22.3 37.9 7.5 0.0 0 1 3 0 0
-5747.2 -12663.3 -14.9 164 0 9.7 35.4 7.5 2.5 2 1 3 3 3
-5667.0 -12644.4 -15.6 345 0 26.8 13.9 10.0 2.5 4 0 4 2 2
-5103.3 -12120.3 -12.1 253 0 35.0 195.9 10.0 0.0 0 1 4 3 3
-5022.0 -12131.2 -11.7 344 0 46.5 17.9 10.0 2.5 2 0 4 2 2
-5681.7 -12443.6 -16.5 260 0 30.8 17.5 7.5 2.5 2 0 3 3 3
-5534.1 -12393.8 -15.1 254 0 31.3 31.9 10.0 0.0 0 1 4 5 5
-5747.9 -12684.1 -15.0 164 0 15.8 65.7 7.5 2.5 2 1 3 5 5
-4997.7 -12045.8 -13.7 344 0 20.7 6.1 5.0 0.0 0 0 2 4 4
-5307.5 -12321.4 -14.1 254 0 21.6 27.1 10.0 2.5 2 1 4 5 5
-5015.1 -11977.4 -12.4 345 0 6.4 9.0 5.0 2.5 2 1 2 5 5
-5154.0 -12452.5 -15.3 158 0 9.2 12.9 7.5 0.0 0 1 3 3 3
-5068.9 -12425.3 -15.9 22 0 7.7 10.9 7.5 2.5 2 1 3 1 1
-5950.1 -12590.7 -15.1 255 0 7.8 18.7 2.5 0.0 0 1 1 1 1
