-2283.5 -1077.5 0.8 70 0 10.1 24.5 2.5 2.5 2 1 1 2 2
-2305.4 -1034.9 0.8 159 0 38.3 10.1 10.0 2.5 2 0 4 1 1
-2329.5 -1000.1 1.0 143 0 38.4 10.0 7.5 2.5 2 0 3 0 0
-2351.4 -960.7 1.2 167 0 37.9 10.3 7.5 0.0 0 0 3 1 1
-2361.6 -919.2 1.2 165 0 39.7 10.1 7.5 0.0 0 0 3 4 4
-2372.2 -876.8 1.0 167 0 37.6 10.3 7.5 2.5 2 0 3 0 0
-2382.0 -835.0 0.9 167 0 37.6 10.1 10.0 2.5 2 0 4 0 0
-2369.1 -790.3 -0.1 243 0 40.2 9.9 7.5 2.5 2 0 3 5 5
-2313.4 -761.9 -0.3 243 0 72.0 10.6 7.5 2.5 2 0 3 3 3
-2239.6 -748.3 0.1 298 0 57.2 7.3 7.5 2.5 2 0 3 0 0
-2163.0 -788.8 -0.9 298 0 84.0 7.5 7.5 2.5 2 0 3 4 4
-2105.5 -818.5 -0.9 298 0 23.6 8.9 7.5 2.5 2 0 3 1 1
-2229.4 -1083.0 -1.0 116 0 14.6 36.1 7.5 2.5 2 1 3 1 1
-2195.8 -1027.4 -1.5 26 0 37.2 14.9 7.5 2.5 2 0 3 5 5
-2181.0 -986.1 -1.4 26 0 35.6 15.0 7.5 2.5 2 0 3 3 3
-2161.3 -945.4 -1.2 26 0 37.7 13.9 10.0 2.5 4 0 4 4 4
-2141.1 -905.5 -1.1 26 0 37.2 13.6 10.0 2.5 2 0 4 1 1
-2121.6 -869.4 -1.0 26 0 30.5 14.5 15.0 0.0 0 0 6 2 2
-2227.3 -871.3 -1.2 9 0 32.6 18.1 7.5 2.5 2 0 3 4 4
-2273.5 -880.9 -1.1 99 0 18.1 32.6 10.0 2.5 2 1 4 4 4
-1180.3 553.8 -0.3 92 0 21.8 11.4 2.5 2.5 2 0 1 3 3
-1215.0 555.1 -0.0 92 0 47.8 11.4 7.5 2.5 2 0 3 1 1
-1219.8 288.0 3.0 297 0 16.1 12.4 14.0 3.5 2 0 4 4 4
-1512.7 471.9 0.6 230 0 42.9 12.9 14.0 3.5 2 0 4 5 5
-1498.1 -452.9 -3.4 18 0 24.1 37.9 14.0 0.0 0 1 4 5 5
-719.4 19.7 3.1 116 0 10.6 7.4 10.5 3.5 2 0 3 1 1
-1499.5 -405.3 -2.1 289 0 21.2 20.7 14.0 3.5 2 0 4 5 5
