-6456.0 -9383.9 -15.1 344 0 82.7 18.0 5.0 2.5 2 0 2 4 4
-6692.6 -9493.9 -16.2 164 0 24.9 73.9 5.0 0.0 0 1 2 4 4
-6701.0 -9464.3 -16.2 164 0 24.8 74.1 10.0 0.0 0 1 4 1 1
-6728.2 -9370.8 -15.9 164 0 22.8 75.2 10.0 0.0 0 1 4 1 1
-4371.4 -7335.2 -8.7 186 0 14.3 22.9 7.5 2.5 2 1 3 2 2
-4651.5 -7333.3 -8.6 268 0 52.0 15.8 12.5 2.5 2 0 5 1 1
-4311.9 -7264.5 -8.6 176 0 51.2 43.3 5.0 0.0 0 0 2 4 4
-4287.5 -7355.9 -8.5 80 0 66.1 43.3 10.0 0.0 0 0 4 4 4
-5189.2 -7555.7 -8.2 90 0 34.7 12.7 10.0 2.5 2 0 4 0 0
2832.1 2260.1 2.9 360 0 24.9 16.5 12.5 2.5 2 0 5 4 4
2657.0 2484.5 4.2 271 0 16.3 40.3 10.0 2.5 2 1 4 2 2
6529.9 12587.4 -12.1 85 0 12.1 18.3 5.0 2.5 2 1 2 3 3
-4289.0 -6797.3 -8.7 267 0 14.2 32.4 7.5 2.5 2 1 3 0 0
2829.9 2330.0 4.6 359 0 17.6 14.9 7.5 2.5 2 0 3 0 0
2383.8 3088.7 -2.3 304 0 9.0 9.4 7.5 2.5 2 1 3 2 2
2787.1 2892.5 4.2 88 0 11.4 47.9 10.5 3.5 2 1 3 2 2
2280.7 2917.7 -3.0 121 0 15.3 13.0 7.5 0.0 0 0 3 1 1
-4910.3 -7572.7 -7.9 272 0 18.7 43.2 12.5 0.0 0 1 5 0 0
2247.3 2864.1 -3.6 119 0 23.9 14.4 7.5 2.5 2 0 3 1 1
-4348.7 -7016.8 -9.4 178 0 14.3 22.0 7.5 2.5 2 1 3 4 4
2260.5 2890.4 -3.6 122 0 18.8 14.2 10.0 2.5 2 0 4 0 0
6770.9 12745.4 -13.6 250 0 25.3 38.3 15.0 0.0 0 1 6 0 0
