1885.2 -10926.3 -9.6 175 0 7.7 5.3 7.5 2.5 2 0 3 2 2
1272.9 -10848.5 -9.4 88 0 15.0 52.2 10.0 2.5 2 1 4 2 2
2336.5 -11202.2 -10.4 278 0 32.4 10.1 10.0 2.5 2 0 4 1 1
2465.6 -11212.0 -10.3 203 0 8.7 10.9 5.0 2.5 2 1 2 0 0
1230.4 -10792.0 -9.5 267 0 16.5 56.2 10.0 2.5 2 1 4 1 1
2575.6 -11305.3 -10.7 307 0 8.0 15.4 7.5 2.5 2 1 3 4 4
1901.4 -10920.1 -9.6 262 0 14.9 6.7 2.5 2.5 2 0 1 0 0
2513.2 -11310.5 -10.5 339 0 9.9 16.6 2.5 2.5 2 1 1 0 0
2545.0 -11334.8 -10.6 168 0 8.5 11.9 5.0 2.5 2 1 2 5 5
2473.1 -11203.2 -10.4 181 0 9.3 11.3 5.0 2.5 2 1 2 3 3
2360.0 -11298.0 -10.2 177 0 8.0 18.4 7.5 2.5 2 1 3 0 0
2471.8 -11233.1 -10.5 157 0 8.6 12.6 7.5 2.5 2 1 3 4 4
2323.4 -11195.9 -10.2 97 0 6.1 5.9 7.5 2.5 2 0 3 1 1
