2245.2 5967.9 -7.8 180 0 102.4 97.0 10.5 0.0 0 0 3 1 1
2348.8 6434.9 -5.3 351 0 73.2 46.6 10.5 0.0 0 0 3 4 4
1573.4 9636.7 -6.7 178 0 24.0 11.8 17.5 3.5 2 0 5 4 4
1562.4 9636.9 -6.6 180 0 23.3 9.3 10.5 3.5 2 0 3 0 0
1483.4 9498.6 -6.4 1 0 28.2 24.2 17.5 0.0 0 0 5 3 3
123.9 4750.5 -8.0 264 0 12.8 20.1 7.5 2.5 4 1 3 4 4
1019.8 6081.0 0.5 174 0 61.1 8.5 10.5 0.0 0 0 3 4 4
1070.1 6089.1 0.2 354 0 63.8 8.2 10.5 3.5 2 0 3 5 5
2722.5 10914.5 -8.8 251 0 16.8 20.9 14.0 0.0 0 1 4 0 0
2881.3 10679.1 -5.7 343 0 35.0 38.1 14.0 0.0 0 1 4 0 0
2525.8 10862.6 -9.5 340 0 44.3 65.3 14.0 0.0 0 1 4 5 5
2885.6 10918.1 -2.5 206 0 20.2 23.3 10.5 0.0 0 1 3 3 3
2972.9 10911.8 -2.2 2 0 19.6 12.5 10.5 3.5 2 0 3 1 1
2804.3 4722.9 -5.3 118 0 77.0 45.9 10.0 0.0 0 0 4 3 3
2818.5 4554.7 -6.0 39 0 80.2 68.8 12.5 0.0 0 0 5 1 1
2432.8 6437.5 -3.6 172 0 63.5 139.2 14.0 0.0 0 1 4 0 0
3016.5 5898.2 -7.8 84 0 74.9 203.9 10.0 0.0 0 1 4 2 2
3013.9 6304.5 -10.3 81 0 43.8 170.5 10.5 0.0 0 1 3 3 3
2434.9 1985.2 -0.4 188 0 18.5 30.4 12.5 0.0 0 1 5 2 2
2293.4 1155.2 -0.9 248 0 21.2 23.4 5.0 2.5 2 1 2 1 1
2382.5 736.8 -0.5 327 0 20.9 28.7 12.5 2.5 2 0 5 3 3
2403.2 769.6 -0.8 177 0 22.7 13.4 7.5 2.5 2 0 3 2 2
2204.7 868.4 -1.0 64 0 13.8 18.7 10.0 2.5 2 1 4 2 2
1968.0 2444.6 -8.6 158 0 19.4 52.0 10.0 2.5 2 1 4 3 3
2168.0 2279.4 -5.9 303 0 8.6 14.3 7.5 0.0 0 1 3 2 2
2601.1 2133.3 -2.3 53 0 21.2 10.3 5.0 0.0 0 0 2 3 3
2517.3 2153.6 -4.0 235 0 15.8 12.3 7.5 2.5 2 0 3 2 2
2546.8 2154.9 -3.5 233 0 17.0 16.4 10.0 2.5 2 0 4 0 0
2532.0 2191.6 -5.3 53 0 17.0 16.4 7.5 0.0 0 0 3 3 3
2510.4 2175.0 -5.0 53 0 17.0 16.4 10.0 2.5 2 0 4 0 0
655.5 9145.2 -6.3 159 0 31.9 62.7 17.5 0.0 0 1 5 5 5
875.5 8789.0 -8.5 259 0 11.5 26.0 14.0 3.5 2 1 4 4 4
775.8 8880.6 -8.1 160 0 15.5 33.5 14.0 3.5 2 1 4 0 0
589.0 8940.3 -6.9 157 0 14.4 35.4 14.0 3.5 2 1 4 2 2
572.9 9250.5 -5.0 127 0 12.8 32.1 17.5 0.0 0 1 5 1 1
-359.9 7241.4 -5.5 66 0 3.7 22.5 10.5 3.5 2 0 3 5 5
-352.9 7244.4 -6.1 66 0 11.5 22.5 14.0 3.5 2 0 4 0 0
127.7 8839.7 -6.4 271 0 19.5 13.5 17.5 3.5 2 0 5 5 5
626.8 8564.0 -8.7 183 0 27.6 18.2 17.5 3.5 2 0 5 0 0
38.2 8676.9 -7.0 177 0 16.9 14.7 17.5 3.5 2 0 5 0 0
277.6 8737.3 -7.3 271 0 16.3 25.6 14.0 3.5 2 1 4 1 1
780.2 8857.2 -8.0 159 0 14.7 35.2 14.0 3.5 2 1 4 1 1
376.2 8546.8 -7.9 134 0 16.4 16.2 17.5 3.5 2 0 5 0 0
-2.7 8741.7 -8.7 110 0 26.1 34.9 17.5 0.0 0 1 5 4 4
159.7 8792.7 -6.7 180 0 9.4 15.9 10.5 3.5 2 1 3 1 1
3147.9 -7882.6 -7.6 265 0 39.3 20.8 10.0 0.0 0 0 4 1 1
701.1 9082.9 -6.4 67 0 15.3 22.9 17.5 3.5 2 1 5 1 1
476.4 9122.6 -5.4 66 0 22.3 27.1 17.5 0.0 0 1 5 3 3
736.7 8959.9 -7.4 161 0 20.1 26.6 14.0 3.5 2 1 4 5 5
488.7 8985.3 -6.4 240 0 17.8 20.6 17.5 3.5 2 1 5 0 0
32.1 9170.1 -5.8 173 0 23.6 13.8 17.5 3.5 4 0 5 4 4
203.0 8536.1 -7.6 183 0 17.1 23.3 14.0 3.5 2 1 4 1 1
606.0 8596.4 -8.7 94 0 15.6 11.3 17.5 3.5 2 0 5 3 3
197.0 8805.4 -6.8 1 0 16.7 12.5 14.0 3.5 2 0 4 5 5
152.1 8880.6 -6.5 176 0 15.6 18.0 17.5 3.5 2 1 5 2 2
553.8 9159.0 -5.4 68 0 12.3 24.7 17.5 3.5 2 1 5 2 2
816.1 9518.7 -4.6 261 0 14.1 34.9 17.5 3.5 2 1 5 1 1
140.0 8797.6 -6.4 357 0 20.7 21.2 17.5 3.5 2 1 5 4 4
122.2 9064.6 -5.8 168 0 16.9 24.2 14.0 3.5 2 1 4 4 4
739.3 7756.1 -6.8 178 0 24.8 39.2 14.0 0.0 0 1 4 5 5
303.8 8663.4 -7.3 111 0 31.5 7.6 10.5 0.0 0 0 3 5 5
473.1 9015.7 -6.1 329 0 38.1 16.6 14.0 3.5 2 0 4 0 0
598.4 8742.6 -8.6 269 0 17.4 13.1 17.5 3.5 2 0 5 1 1
600.1 9283.0 -5.0 168 0 13.6 26.9 17.5 0.0 0 1 5 2 2
425.2 8984.7 -6.0 130 0 17.8 12.2 14.0 3.5 2 0 4 0 0
754.8 9079.0 -7.0 256 0 20.2 44.4 14.0 3.5 2 1 4 4 4
813.9 5774.0 -3.1 354 0 25.9 18.5 14.0 3.5 4 0 4 0 0
437.6 8510.4 -8.5 223 0 18.0 22.7 14.0 3.5 2 1 4 2 2
622.7 8518.2 -8.2 181 0 11.7 19.5 17.5 3.5 2 1 5 4 4
396.6 8856.0 -6.6 82 0 21.0 24.4 14.0 3.5 2 1 4 5 5
167.9 8709.8 -7.1 173 0 19.9 35.7 14.0 3.5 2 1 4 3 3
870.8 9506.0 -4.7 262 0 17.3 12.4 17.5 0.0 0 0 5 3 3
2501.1 7994.8 -2.0 167 0 22.9 14.7 17.5 3.5 2 0 5 5 5
