3445.8 4386.6 2.8 183 0 8.6 11.1 2.5 2.5 2 0 1 1 1
3443.0 4406.2 3.0 168 0 8.4 11.6 2.5 0.0 0 1 1 0 0
3456.1 4359.1 2.7 179 0 8.0 4.6 2.5 0.0 0 0 1 4 4
3452.7 4421.6 3.3 175 0 8.8 6.6 5.0 2.5 2 0 2 0 0
3450.1 4339.5 2.2 350 0 10.5 11.4 5.0 2.5 2 0 2 5 5
3405.7 4339.1 1.5 98 0 10.8 8.7 5.0 0.0 0 0 2 1 1
3337.7 4293.4 -0.2 88 0 10.1 6.8 7.5 2.5 2 0 3 3 3
3394.1 4249.9 0.5 178 0 6.3 15.9 7.5 0.0 0 1 3 0 0
3415.4 4245.0 0.8 88 0 6.6 8.7 5.0 2.5 2 1 2 4 4
3399.8 4224.8 0.3 84 0 12.1 8.5 5.0 2.5 2 0 2 1 1
3433.3 4320.1 1.8 252 0 7.7 6.4 7.5 2.5 2 0 3 4 4
3416.5 4295.5 1.2 261 0 8.2 8.6 2.5 0.0 0 1 1 4 4
3429.8 4273.9 1.2 356 0 7.4 9.2 5.0 0.0 0 1 2 0 0
3398.6 4267.3 0.7 185 0 6.3 6.8 5.0 2.5 2 1 2 4 4
3466.5 4287.4 1.9 351 0 7.6 12.9 7.5 2.5 2 1 3 0 0
3455.4 4264.2 1.6 352 0 7.6 8.4 7.5 2.5 2 1 3 3 3
3436.5 4312.5 1.8 249 0 5.2 8.8 2.5 2.5 2 1 1 5 5
3456.7 4246.3 1.5 3 0 8.2 5.7 5.0 2.5 2 0 2 4 4
3436.2 4238.5 1.1 91 0 11.7 5.0 5.0 2.5 2 0 2 4 4
3460.7 4222.8 1.4 88 0 15.3 9.0 7.5 2.5 2 0 3 4 4
3450.4 4212.8 1.1 92 0 12.5 7.8 7.5 2.5 2 0 3 2 2
3470.7 4249.7 1.7 345 0 15.2 8.1 5.0 2.5 2 0 2 2 2
3485.1 4229.9 1.9 0 0 8.9 6.0 2.5 2.5 2 0 1 1 1
2849.0 5849.0 -9.1 265 0 11.0 14.6 10.0 2.5 2 1 4 5 5
3465.0 4200.5 1.2 272 0 12.4 6.4 5.0 2.5 2 0 2 5 5
3380.6 4055.2 -1.9 178 0 55.2 19.3 10.0 2.5 2 0 4 2 2
3378.6 4113.7 -1.1 179 0 14.3 22.3 10.0 2.5 2 1 4 1 1
