-1577.5 -781.5 3.0 274 0 12.2 13.0 10.5 3.5 2 1 3 3 3
-1530.9 -773.8 2.4 3 0 13.9 8.2 10.5 3.5 2 0 3 3 3
-1551.5 -789.8 2.8 3 0 13.9 8.2 10.5 3.5 2 0 3 2 2
-1533.8 -750.0 2.3 273 0 8.2 13.9 10.5 3.5 2 1 3 1 1
-1572.2 -748.0 2.9 273 0 8.2 13.9 10.5 3.5 2 1 3 5 5
-1582.0 -747.8 3.0 273 0 8.2 13.9 10.5 3.5 2 1 3 2 2
-1472.0 -1113.8 0.8 360 0 10.9 16.2 10.5 3.5 2 1 3 4 4
-1545.3 -1118.3 1.7 93 0 8.2 11.9 10.5 3.5 2 1 3 3 3
-1066.2 -2950.2 -0.8 82 0 18.8 9.8 2.5 2.5 2 0 1 5 5
-1065.4 -2954.4 -0.8 265 0 15.4 11.1 7.5 2.5 2 0 3 1 1
-1051.2 -2948.4 -0.8 76 0 7.8 10.6 5.0 2.5 2 1 2 2 2
-1030.9 -2941.2 -0.7 79 0 8.0 9.6 2.5 2.5 2 0 1 3 3
-1064.4 -2926.7 -0.7 264 0 6.9 10.2 7.5 2.5 2 1 3 0 0
-1052.0 -2925.6 -0.7 346 0 11.3 8.1 2.5 0.0 0 0 1 5 5
-1827.9 -1671.4 -5.5 68 0 67.0 123.4 10.5 0.0 0 1 3 2 2
-736.7 -1630.7 2.1 344 0 23.2 24.8 14.0 3.5 2 1 4 1 1
-1836.0 -2316.1 0.4 181 0 49.9 45.5 14.0 0.0 0 0 4 2 2
-1801.4 -2217.7 0.7 182 0 33.5 91.4 14.0 0.0 0 1 4 2 2
-1507.4 -2312.4 2.4 91 0 55.6 108.8 14.0 0.0 0 1 4 2 2
-1656.8 -2432.8 0.9 91 0 71.5 115.2 14.0 0.0 0 1 4 4 4
-1765.3 -2379.5 0.6 182 0 229.2 65.6 14.0 0.0 0 0 4 0 0
-2110.7 -2384.1 2.9 323 0 102.0 71.0 10.0 0.0 0 0 4 1 1
-1861.2 -2624.3 2.6 53 0 12.4 98.1 7.5 2.5 2 1 3 1 1
-2005.5 -2757.2 0.6 233 0 128.5 16.4 12.5 0.0 0 0 5 1 1
-1255.5 -1471.0 0.8 121 0 181.1 17.2 14.0 0.0 0 0 4 3 3
-1223.0 -1509.5 0.2 301 0 276.4 16.6 14.0 0.0 0 0 4 5 5
-53.5 -1569.3 2.3 4 0 20.1 33.4 10.5 3.5 2 1 3 1 1
2278.4 -6835.4 -11.1 19 0 41.3 41.2 10.0 0.0 0 0 4 5 5
1209.5 -3984.0 0.3 3 0 46.8 81.3 7.5 0.0 0 1 3 1 1
1128.8 -3848.2 0.6 261 0 36.2 96.9 7.5 0.0 0 1 3 0 0
1091.8 -3858.7 0.6 262 0 36.3 90.7 10.0 0.0 0 1 4 3 3
323.1 -2353.3 0.1 39 0 32.6 64.9 14.0 0.0 0 1 4 3 3
-180.0 -2209.8 1.0 346 0 23.2 27.0 14.0 0.0 0 1 4 2 2
2922.3 -1158.2 4.5 86 0 75.1 17.0 10.0 2.5 4 0 4 4 4
1164.8 645.5 5.0 64 0 45.2 39.3 10.5 0.0 0 0 3 3 3
-4258.9 2196.6 -2.2 8 0 16.4 59.5 10.0 2.5 2 1 4 3 3
-4262.7 2173.1 -2.1 8 0 16.4 59.5 12.5 2.5 2 1 5 0 0
-4401.4 2189.4 -2.5 186 0 16.3 68.5 7.5 2.5 2 1 3 1 1
-4397.6 2212.9 -2.6 186 0 16.3 68.5 10.0 2.5 4 1 4 3 3
-4261.3 2263.0 -2.5 3 0 65.8 23.0 7.5 2.5 2 0 3 3 3
-4303.3 2297.2 -2.6 273 0 23.0 65.8 10.0 2.5 4 1 4 4 4
-4333.4 2298.3 -2.8 273 0 23.0 65.8 7.5 0.0 0 1 3 5 5
-4361.8 2300.6 -2.9 273 0 23.0 65.8 7.5 2.5 2 1 3 0 0
-1788.5 6232.4 3.8 181 0 104.2 115.1 12.5 0.0 0 1 5 4 4
-1791.9 6465.4 2.1 168 0 98.0 38.0 10.0 0.0 0 0 4 3 3
465.7 -273.7 4.3 166 0 33.5 21.1 17.5 0.0 0 0 5 3 3
-393.0 -1303.0 0.5 358 0 22.9 11.7 17.5 3.5 2 0 5 0 0
3627.7 2050.3 4.8 92 0 11.8 51.3 10.0 2.5 2 1 4 2 2
-501.1 -793.4 2.8 271 0 19.5 28.1 14.0 3.5 4 1 4 2 2
-157.5 -1284.8 1.7 93 0 21.3 24.6 14.0 3.5 2 1 4 3 3
-413.2 -1273.0 0.9 13 0 21.5 23.6 17.5 3.5 2 1 5 3 3
-731.0 -1557.2 2.5 202 0 41.5 17.8 14.0 3.5 2 0 4 4 4
197.0 -422.6 1.5 64 0 9.8 33.2 10.5 3.5 2 1 3 5 5
-627.6 -1487.4 1.9 88 0 17.7 13.1 14.0 0.0 0 0 4 5 5
-439.6 -1261.2 1.1 3 0 15.2 26.0 17.5 3.5 2 1 5 4 4
-554.2 -1549.4 0.7 205 0 16.1 13.3 14.0 3.5 2 0 4 4 4
120.8 -908.7 3.7 77 0 16.8 21.5 14.0 3.5 2 1 4 1 1
-554.4 -2026.6 1.7 74 0 14.7 21.8 14.0 3.5 2 1 4 3 3
-1408.7 -2900.3 3.9 206 0 27.8 9.1 7.5 0.0 0 0 3 1 1
-189.1 -339.8 3.2 241 0 8.0 7.3 10.5 3.5 2 0 3 2 2
-376.2 -810.1 1.9 84 0 10.3 24.3 17.5 3.5 2 1 5 3 3
-30.8 -637.9 2.5 249 0 13.4 15.7 17.5 3.5 2 1 5 3 3
73.9 -854.8 2.5 158 0 15.0 28.6 14.0 3.5 2 1 4 0 0
152.3 -908.3 4.1 80 0 15.5 10.7 14.0 3.5 2 0 4 3 3
-656.7 -1524.1 2.0 258 0 13.2 21.8 14.0 0.0 0 1 4 2 2
