-5962.0 12493.5 -11.5 196 0 35.9 30.0 10.0 0.0 0 0 4 2 2
-5786.0 12480.5 -12.1 293 0 19.3 46.1 7.5 0.0 0 1 3 1 1
-5533.0 12481.4 -10.4 23 0 22.5 16.2 10.0 2.5 2 0 4 5 5
-5769.2 12419.7 -12.2 105 0 29.7 18.5 10.0 2.5 2 0 4 2 2
-5674.5 12454.4 -11.9 215 0 19.6 57.0 10.0 2.5 2 1 4 5 5
-5548.3 12363.2 -11.3 37 0 45.4 11.5 12.5 0.0 0 0 5 0 0
-6776.7 12735.9 -14.6 15 0 35.8 25.7 7.5 0.0 0 0 3 0 0
-6588.2 12667.6 -14.4 18 0 18.3 24.7 17.5 3.5 2 1 5 2 2
-5630.0 12462.4 -11.8 307 0 52.6 18.6 7.5 2.5 4 0 3 3 3
-5965.7 12457.8 -11.5 197 0 12.5 18.5 7.5 2.5 2 1 3 2 2
-5863.5 12461.1 -11.6 118 0 28.0 14.1 7.5 2.5 2 0 3 4 4
-6901.0 12821.9 -15.5 106 0 33.7 16.4 7.5 2.5 2 0 3 0 0
-6628.7 12674.4 -14.0 105 0 23.5 30.0 17.5 0.0 0 1 5 2 2
-5649.4 12369.5 -11.8 126 0 16.0 50.3 7.5 2.5 2 1 3 5 5
-6204.3 12570.6 -13.9 285 0 17.3 23.9 7.5 2.5 2 1 3 4 4
-5601.7 12421.5 -11.4 35 0 26.4 15.9 10.0 2.5 2 0 4 5 5
-5837.8 12506.1 -11.8 205 0 22.2 13.9 5.0 2.5 2 0 2 0 0
-5587.7 12390.2 -11.3 305 0 18.6 33.0 7.5 2.5 2 1 3 3 3
-6274.0 12555.6 -14.1 114 0 9.4 33.0 7.5 2.5 2 1 3 3 3
-5266.0 11975.4 -13.3 109 0 82.8 44.5 10.0 0.0 0 0 4 4 4
-4636.1 8211.3 -9.2 89 0 16.0 11.0 14.0 3.5 2 0 4 2 2
-4587.9 8174.6 -9.3 359 0 11.0 16.0 14.0 3.5 2 0 4 0 0
-4656.1 8128.6 -9.5 89 0 16.0 11.0 14.0 3.5 2 0 4 3 3
-4640.1 8128.8 -9.5 89 0 16.0 11.0 14.0 3.5 2 0 4 4 4
-4640.2 8139.9 -9.4 89 0 16.0 11.0 14.0 3.5 2 0 4 1 1
-4703.7 8176.9 -9.4 269 0 16.0 11.0 14.0 3.5 2 0 4 2 2
-4703.8 8187.9 -9.3 269 0 16.0 11.0 14.0 3.5 2 0 4 1 1
-4684.7 8249.2 -9.1 269 0 16.0 11.0 14.0 3.5 2 0 4 2 2
-4668.7 8249.4 -9.2 269 0 16.0 11.0 14.0 3.5 2 0 4 0 0
-4668.8 8260.4 -9.2 269 0 16.0 11.1 14.0 3.5 2 0 4 4 4
-4729.0 8197.4 -9.2 89 0 16.0 11.0 14.0 3.5 2 0 4 5 5
-4712.9 8197.6 -9.2 89 0 16.0 11.0 14.0 3.5 2 0 4 5 5
-4785.4 8239.1 -9.1 179 0 11.0 16.0 14.0 3.5 2 0 4 0 0
-4761.5 8256.0 -9.0 269 0 16.0 11.0 14.0 3.5 2 0 4 1 1
-4777.6 8255.8 -9.0 269 0 16.0 11.0 14.0 3.5 2 0 4 5 5
-4749.5 8123.2 -9.0 89 0 16.0 11.0 14.0 3.5 2 0 4 4 4
-4733.4 8123.4 -9.2 89 0 16.0 11.0 14.0 3.5 2 0 4 0 0
-4749.6 8134.2 -9.2 89 0 16.0 11.0 14.0 3.5 2 0 4 0 0
-4611.1 8129.6 -9.4 89 0 15.7 17.7 14.0 3.5 2 0 4 0 0
-4595.3 8129.9 -9.4 89 0 16.1 17.7 14.0 3.5 2 0 4 1 1
-4587.4 8155.4 -9.3 359 0 15.1 16.4 14.0 3.5 2 0 4 0 0
-4611.5 8147.4 -9.3 89 0 15.8 15.0 14.0 3.5 2 0 4 3 3
-4659.1 8170.5 -9.4 269 0 16.4 15.1 14.0 3.5 2 0 4 2 2
-4659.2 8188.3 -9.3 269 0 16.1 17.8 14.0 3.5 2 0 4 3 3
-4643.4 8188.6 -9.2 269 0 15.7 17.7 14.0 3.5 2 0 4 1 1
-4643.0 8170.8 -9.3 269 0 15.8 15.0 14.0 3.5 2 0 4 1 1
-4703.2 8143.7 -9.5 89 0 16.4 15.1 14.0 3.5 2 0 4 0 0
-4702.5 8126.0 -9.5 88 0 16.2 17.7 14.0 3.5 2 0 4 4 4
-4686.7 8126.4 -9.6 88 0 15.6 17.7 14.0 3.5 2 0 4 5 5
-4687.1 8144.2 -9.5 88 0 15.7 15.0 14.0 3.5 2 0 4 5 5
-4728.8 8240.2 -9.0 269 0 16.4 15.1 14.0 3.5 2 0 4 5 5
-4729.0 8258.0 -8.9 269 0 16.1 17.7 14.0 3.5 2 0 4 3 3
-4713.2 8258.3 -9.0 269 0 15.7 17.7 14.0 3.5 2 0 4 1 1
-4712.7 8240.5 -9.0 269 0 15.9 15.0 14.0 3.5 2 0 4 2 2
-4684.2 8217.5 -9.0 89 0 16.4 15.1 14.0 3.5 2 0 4 1 1
-4683.5 8199.8 -9.1 88 0 16.2 17.7 14.0 3.5 2 0 4 3 3
-4667.6 8200.3 -9.1 88 0 15.6 17.7 14.0 3.5 2 0 4 5 5
-4668.1 8218.0 -9.1 88 0 15.7 15.0 14.0 3.5 2 0 4 2 2
-4750.7 8166.7 -9.5 269 0 16.4 15.1 14.0 3.5 2 0 4 2 2
-4750.8 8184.4 -9.5 269 0 16.1 17.7 14.0 3.5 2 0 4 0 0
-4735.0 8184.7 -9.5 269 0 15.7 17.7 14.0 3.5 2 0 4 4 4
-4734.6 8167.0 -9.5 269 0 15.8 15.0 14.0 3.5 2 0 4 2 2
-4784.2 8221.3 -9.2 179 0 15.1 16.4 14.0 3.5 2 0 4 0 0
-4775.1 8196.2 -9.4 88 0 16.2 17.7 14.0 3.5 2 0 4 4 4
-4759.3 8196.7 -9.3 88 0 15.6 17.7 14.0 3.5 2 0 4 5 5
-4759.8 8214.4 -9.1 88 0 15.7 15.0 14.0 3.5 2 0 4 0 0
-4629.5 8236.1 -9.2 359 0 15.1 16.4 14.0 3.5 2 0 4 1 1
-4638.0 8261.2 -9.3 269 0 16.1 17.7 14.0 3.5 2 0 4 1 1
-4622.2 8261.5 -9.4 269 0 15.7 17.7 14.0 3.5 2 0 4 4 4
-4613.8 8236.5 -9.3 359 0 14.9 15.8 14.0 3.5 2 0 4 0 0
-4694.5 8572.6 -9.7 180 0 4.9 13.9 10.5 3.5 2 0 3 3 3
-4685.0 8642.7 -9.8 261 0 7.1 7.0 10.5 3.5 2 0 3 0 0
-4804.5 8519.1 -9.2 173 0 5.0 13.9 10.5 3.5 4 1 3 3 3
-4805.7 8528.4 -9.2 173 0 5.0 13.9 10.5 3.5 2 1 3 2 2
-4810.4 8559.6 -9.2 173 0 5.0 13.9 10.5 3.5 2 1 3 2 2
-4808.8 8548.4 -9.2 173 0 5.0 13.9 10.5 3.5 2 1 3 2 2
-4812.7 8578.8 -9.2 173 0 5.0 13.9 10.5 3.5 2 1 3 0 0
-4818.7 8618.4 -9.3 173 0 5.0 13.9 10.5 3.5 4 1 3 4 4
-4817.1 8607.1 -9.3 173 0 5.0 13.9 10.5 3.5 2 1 3 3 3
-4819.3 8628.0 -9.3 173 0 5.0 13.9 10.5 3.5 2 1 3 0 0
-4472.8 8139.8 -9.7 2 0 10.9 17.5 14.0 3.5 2 1 4 2 2
-4480.7 8081.9 -9.6 2 0 10.9 17.5 14.0 3.5 2 1 4 1 1
-4527.9 8063.4 -9.9 272 0 12.4 17.4 14.0 3.5 2 1 4 2 2
-4492.8 8063.8 -9.8 271 0 12.5 17.5 14.0 3.5 2 0 4 4 4
-4530.7 8196.5 -9.6 181 0 10.9 17.5 14.0 0.0 0 1 4 2 2
-4425.0 8218.1 -10.1 181 1 11.3 18.3 14.0 3.5 2 0 4 5 5
-4423.8 8256.0 -10.1 181 1 11.4 18.3 14.0 3.5 2 0 4 4 4
-4422.1 8295.7 -10.2 183 1 11.4 18.3 14.0 3.5 2 0 4 1 1
-4365.8 8291.5 -10.4 181 1 11.3 18.3 14.0 3.5 2 0 4 3 3
-4363.9 8332.3 -10.5 181 1 11.3 18.3 14.0 3.5 2 0 4 2 2
-4362.8 8372.2 -10.6 181 1 11.3 18.3 14.0 3.5 2 0 4 4 4
-4360.0 8409.9 -10.7 181 1 11.4 18.3 14.0 0.0 0 1 4 3 3
-4373.9 8299.8 -10.3 1 1 11.4 18.3 14.0 0.0 0 0 4 1 1
-4371.8 8347.8 -10.4 1 1 11.4 18.3 14.0 0.0 0 0 4 5 5
-4370.2 8390.1 -10.5 1 1 11.4 18.3 14.0 0.0 0 0 4 4 4
-4420.6 8345.2 -10.3 181 1 11.3 18.3 14.0 3.5 2 0 4 1 1
-4418.9 8385.9 -10.4 181 1 11.3 18.3 14.0 3.5 2 0 4 1 1
-4416.1 8427.5 -10.5 181 1 11.3 18.3 14.0 3.5 4 1 4 0 0
-4709.3 8529.1 -9.5 93 0 8.1 14.9 10.5 3.5 2 0 3 3 3
-4717.4 8529.5 -9.5 93 0 8.1 14.9 10.5 3.5 2 0 3 0 0
-4721.9 8522.3 -9.5 183 0 14.7 8.1 10.5 3.5 2 0 3 1 1
-4725.6 8529.9 -9.4 93 0 8.1 14.9 10.5 3.5 2 0 3 4 4
-4737.3 8537.9 -9.4 183 0 14.9 8.1 10.5 3.5 2 0 3 2 2
-4745.4 8538.3 -9.4 183 0 14.8 8.1 10.5 3.5 2 0 3 5 5
-4753.5 8538.7 -9.4 183 0 14.9 8.1 10.5 3.5 2 0 3 5 5
-4720.2 8574.5 -9.6 183 0 14.9 8.1 10.5 3.5 2 0 3 0 0
-4729.1 8560.1 -9.5 183 0 14.7 8.1 10.5 3.5 2 0 3 2 2
-4728.4 8574.9 -9.5 183 0 14.9 8.1 10.5 3.5 2 0 3 0 0
-4752.6 8576.1 -9.4 183 0 14.9 8.1 10.5 3.5 2 0 3 5 5
-4760.7 8576.5 -9.4 183 0 14.8 8.1 10.5 3.5 2 0 3 3 3
-4768.8 8576.9 -9.4 183 0 14.9 8.1 10.5 3.5 2 0 3 5 5
-4769.5 8562.1 -9.3 183 0 14.7 8.1 10.5 3.5 2 0 3 5 5
-4761.5 8561.7 -9.4 183 0 14.7 8.1 10.5 3.5 2 0 3 2 2
-4710.0 8654.6 -9.7 263 0 8.1 14.9 10.5 3.5 2 0 3 0 0
-4718.0 8653.7 -9.7 263 0 8.1 14.9 10.5 3.5 2 0 3 1 1
-4708.3 8639.9 -9.7 263 0 8.1 14.7 10.5 3.5 2 0 3 4 4
-4716.3 8638.9 -9.7 263 0 8.1 14.7 10.5 3.5 2 0 3 1 1
-4724.4 8638.0 -9.6 263 0 8.1 14.7 10.5 3.5 2 0 3 3 3
-4732.5 8637.0 -9.6 263 0 8.1 14.7 10.5 3.5 2 0 3 3 3
-4743.7 8628.3 -9.6 173 0 14.7 8.1 10.5 3.5 2 0 3 0 0
-4734.2 8651.8 -9.6 263 0 8.1 14.9 10.5 3.5 2 0 3 1 1
-4761.5 8641.1 -9.5 174 0 14.8 8.1 10.5 3.5 2 0 3 5 5
-4759.8 8626.4 -9.5 173 0 14.7 8.1 10.5 3.5 2 0 3 2 2
-5103.2 8377.0 -8.0 358 0 12.6 9.6 10.5 3.5 2 0 3 0 0
-5112.8 8377.9 -7.9 358 0 15.1 9.6 10.5 3.5 2 0 3 0 0
-5137.4 8377.3 -7.6 358 0 15.1 9.6 10.5 3.5 2 0 3 1 1
-5164.0 8384.4 -7.3 268 0 5.2 15.1 10.5 3.5 2 0 3 4 4
-5160.0 8330.7 -6.7 358 0 15.1 9.6 10.5 3.5 2 0 3 3 3
-5135.8 8331.1 -7.0 358 0 15.1 9.6 10.5 3.5 2 0 3 5 5
-5111.2 8331.7 -7.3 358 0 15.1 9.6 10.5 3.5 2 0 3 2 2
-5101.6 8330.8 -7.4 358 0 12.6 9.6 10.5 3.5 2 0 3 3 3
-5158.8 8276.4 -6.0 88 0 9.6 15.1 10.5 3.5 2 0 3 5 5
-5168.4 8276.1 -5.9 88 0 9.6 15.1 10.5 3.5 2 0 3 0 0
-5293.9 8279.6 -4.3 178 0 15.1 9.6 10.5 3.5 2 0 3 4 4
-5303.4 8278.1 -4.2 178 0 15.1 9.6 10.5 3.5 2 0 3 0 0
-5274.2 8272.3 -4.5 88 0 9.6 15.1 10.5 3.5 2 0 3 4 4
-5310.7 8324.2 -4.8 178 0 15.1 9.6 10.5 3.5 2 0 3 1 1
-5286.4 8324.6 -5.1 178 0 15.1 9.6 10.5 3.5 2 0 3 5 5
-5252.3 8326.7 -5.5 178 0 15.1 9.6 10.5 3.5 2 0 3 3 3
-5302.9 8353.7 -5.3 179 0 15.1 9.6 10.5 3.5 2 0 3 0 0
-5312.5 8354.8 -5.2 179 0 12.6 9.6 10.5 3.5 2 0 3 4 4
-5288.3 8355.4 -5.5 179 0 12.6 9.6 10.5 3.5 2 0 3 4 4
-5278.7 8354.3 -5.6 179 0 15.1 9.6 10.5 3.5 2 0 3 0 0
-5263.7 8355.8 -5.8 180 0 12.6 9.6 10.5 3.5 2 0 3 3 3
-5276.7 8307.1 -5.0 179 0 15.1 9.6 10.5 3.5 2 0 3 5 5
-5254.2 8300.0 -5.1 90 0 9.6 15.1 10.5 3.5 2 0 3 1 1
-5291.3 8251.3 -4.0 89 0 5.3 15.1 10.5 3.5 2 0 3 1 1
-5271.3 8251.8 -4.2 89 0 9.6 15.1 10.5 3.5 2 0 3 2 2
-5267.0 8251.9 -4.3 89 0 5.3 15.1 10.5 3.5 2 0 3 2 2
-5246.8 8252.3 -4.5 90 0 9.6 15.1 10.5 3.5 2 0 3 2 2
-5242.5 8252.3 -4.7 89 0 5.3 15.1 10.5 3.5 2 0 3 3 3
-5161.4 8257.3 -5.8 89 0 5.3 15.1 10.5 3.5 2 0 3 5 5
-5141.5 8257.8 -6.0 90 0 9.6 15.1 10.5 3.5 2 0 3 5 5
-5114.8 8265.8 -6.3 359 0 15.1 9.6 10.5 3.5 2 0 3 2 2
-5158.9 8310.9 -6.4 359 0 15.1 9.6 10.5 3.5 2 0 3 2 2
-5150.8 8358.9 -7.2 359 0 15.1 9.6 10.5 3.5 2 0 3 3 3
-5136.1 8358.2 -7.4 359 0 15.1 9.6 10.5 3.5 2 0 3 2 2
-5126.6 8359.5 -7.5 359 0 15.1 9.6 10.5 3.5 2 0 3 1 1
-5111.6 8358.6 -7.7 359 0 15.1 9.6 10.5 3.5 2 0 3 0 0
-5102.0 8359.9 -7.8 359 0 15.1 9.6 10.5 3.5 2 0 3 1 1
-5218.0 8253.7 -5.0 89 0 5.3 15.1 10.5 3.5 2 0 3 1 1
-5222.3 8253.7 -4.9 90 0 9.6 15.1 10.5 3.5 2 0 3 4 4
-5215.6 8274.6 -5.3 88 0 9.6 15.1 10.5 3.5 2 0 3 0 0
-5184.5 8254.2 -5.4 89 0 5.3 15.1 10.5 3.5 2 0 3 1 1
-5186.7 8410.3 -7.4 269 0 9.6 15.1 10.5 3.5 2 0 3 0 0
-5100.0 8421.5 -8.6 359 0 7.5 15.0 10.5 3.5 4 1 3 1 1
-5127.0 8430.3 -8.5 269 1 15.0 13.0 14.0 0.0 0 0 4 3 3
-5147.7 8429.3 -8.2 269 1 15.0 13.0 14.0 3.5 2 0 4 3 3
-5165.4 8429.2 -8.0 269 1 15.0 13.0 14.0 3.5 2 0 4 2 2
-5230.3 8300.5 -5.4 90 0 9.7 15.1 10.5 3.5 2 1 3 3 3
-5235.0 8361.9 -6.1 269 0 9.6 15.1 10.5 3.5 4 1 3 0 0
-5265.6 8408.6 -6.4 268 0 9.6 15.1 10.5 3.5 2 0 3 4 4
-5280.5 8407.9 -6.2 268 0 9.6 15.1 10.5 3.5 2 0 3 2 2
-5290.1 8407.5 -6.1 268 0 9.6 15.1 10.5 3.5 2 0 3 1 1
-5318.9 8399.8 -5.8 178 0 12.6 9.6 10.5 3.5 2 0 3 3 3
-5294.4 8424.4 -6.3 269 1 15.0 13.0 14.0 0.0 0 0 4 2 2
-5212.7 8893.5 -8.3 257 0 9.3 16.6 10.5 3.5 4 1 3 3 3
-5111.7 8809.3 -8.5 303 0 9.3 16.5 10.5 3.5 2 1 3 2 2
-5109.7 9050.7 -9.0 180 0 8.7 12.6 10.5 3.5 2 0 3 0 0
-5109.7 9061.6 -9.0 180 0 6.5 12.5 10.5 3.5 2 0 3 0 0
-5109.0 9077.0 -9.0 180 0 8.7 12.6 10.5 3.5 2 0 3 1 1
-5109.0 9087.9 -9.0 180 0 6.5 12.5 10.5 3.5 2 0 3 5 5
-5109.7 9103.9 -9.0 180 0 8.7 12.6 10.5 3.5 2 0 3 2 2
-5168.5 9054.4 -8.7 180 0 8.7 12.6 10.5 3.5 2 0 3 5 5
-5168.5 9063.1 -8.8 180 0 8.7 12.5 10.5 3.5 2 0 3 5 5
-5167.5 9089.8 -8.8 180 0 8.7 12.5 10.5 3.5 2 0 3 4 4
-5167.5 9108.5 -8.8 180 0 8.7 12.6 10.5 3.5 2 0 3 0 0
-5167.5 9117.2 -8.9 180 0 8.7 12.5 10.5 3.5 2 0 3 1 1
-5150.5 9155.8 -9.0 272 0 8.6 12.6 10.5 3.5 2 0 3 2 2
-5130.5 9155.7 -9.0 271 0 8.7 12.6 10.5 3.5 2 0 3 1 1
-5121.8 9155.4 -9.1 272 0 8.6 12.6 10.5 3.5 2 0 3 0 0
-4373.9 8629.2 -11.0 180 0 13.5 19.8 14.0 0.0 0 1 4 5 5
-4375.8 8600.1 -10.9 180 0 13.5 19.8 14.0 0.0 0 1 4 1 1
-4344.1 8546.0 -11.0 182 0 13.9 20.1 14.0 0.0 0 0 4 2 2
-4236.4 8455.7 -11.2 90 0 14.7 21.5 14.0 0.0 0 0 4 3 3
-4280.6 8456.7 -11.0 90 0 14.7 21.4 14.0 0.0 0 0 4 4 4
-4324.1 8459.2 -10.9 90 0 14.7 21.5 14.0 0.0 0 0 4 0 0
-4353.0 8739.1 -11.3 182 0 13.4 19.3 14.0 0.0 0 0 4 5 5
-4155.5 8453.4 -11.0 91 0 14.2 19.5 14.0 0.0 0 1 4 2 2
-4141.4 8513.3 -11.0 272 0 14.0 26.4 14.0 0.0 0 1 4 2 2
-4140.1 8545.7 -11.0 272 0 14.0 26.4 14.0 0.0 0 1 4 1 1
-4122.8 8452.0 -10.9 91 0 17.1 19.5 14.0 0.0 0 1 4 0 0
-4093.4 8450.4 -10.6 91 0 14.2 19.5 14.0 0.0 0 1 4 3 3
-4181.4 8454.3 -11.2 91 0 17.1 19.5 14.0 0.0 0 1 4 3 3
-3789.6 8677.4 -10.1 12 1 10.3 13.8 14.0 0.0 0 1 4 4 4
-3806.4 8745.0 -10.1 272 0 7.7 17.5 10.5 3.5 2 0 3 5 5
-3872.6 8583.7 -10.1 272 0 7.7 17.5 10.5 3.5 2 0 3 4 4
-3865.7 8533.7 -10.1 90 0 7.7 17.5 10.5 3.5 2 0 3 1 1
-3952.5 8452.1 -10.1 92 0 7.7 17.5 10.5 3.5 2 1 3 0 0
-4766.0 7792.5 -8.7 94 0 19.7 22.3 10.0 0.0 0 1 4 3 3
-4677.5 8538.3 -9.7 92 0 6.3 9.2 10.5 3.5 4 1 3 0 0
-4677.3 8548.3 -9.7 91 0 6.3 9.2 10.5 3.5 2 1 3 1 1
-4676.7 8558.7 -9.7 92 0 6.2 9.2 10.5 3.5 2 1 3 0 0
-4644.5 8651.8 -9.9 272 0 6.8 12.1 10.5 3.5 2 1 3 0 0
-4635.3 8651.5 -10.0 272 0 6.8 12.1 10.5 3.5 2 1 3 0 0
-4615.3 8651.1 -10.1 272 0 6.8 12.1 10.5 3.5 2 1 3 1 1
-4789.0 8627.1 -9.3 355 0 5.0 13.9 10.5 3.5 2 1 3 1 1
-5120.4 8667.4 -8.2 33 0 11.4 16.4 10.5 3.5 2 1 3 1 1
-5118.3 8839.6 -8.5 303 0 9.3 16.5 10.5 3.5 2 1 3 3 3
-5377.1 8788.3 -7.5 163 0 9.3 16.5 10.5 3.5 2 1 3 2 2
-5897.1 9142.9 -7.4 80 0 11.8 16.6 10.5 0.0 0 1 3 5 5
-5926.1 9136.4 -8.2 76 0 11.8 16.6 10.5 0.0 0 1 3 5 5
-5941.8 9133.6 -8.4 76 0 11.8 16.6 10.5 0.0 0 1 3 5 5
-5863.2 9185.9 -7.1 352 0 8.6 13.4 10.5 0.0 0 1 3 0 0
-6310.2 9332.8 -10.1 281 0 19.9 20.1 14.0 3.5 2 0 4 4 4
-6282.7 9317.1 -10.0 11 0 20.1 20.1 14.0 3.5 2 0 4 4 4
-6359.1 9342.6 -10.2 281 0 20.1 20.1 14.0 3.5 2 0 4 2 2
-6378.7 9346.5 -10.3 281 0 19.9 20.1 14.0 3.5 2 0 4 0 0
-6374.5 9276.2 -10.1 101 0 20.1 20.1 17.5 3.5 2 0 5 0 0
-6394.1 9280.1 -10.1 101 0 20.0 20.1 17.5 3.5 2 0 5 0 0
-6331.1 9265.8 -10.0 101 0 20.1 20.1 17.5 3.5 2 0 5 1 1
-6350.7 9269.7 -10.0 101 0 20.0 20.1 17.5 3.5 2 0 5 5 5
-6277.0 9264.9 -9.9 11 0 20.1 20.1 17.5 3.5 2 0 5 3 3
-6308.3 9260.9 -10.0 101 0 20.0 20.1 17.5 3.5 2 0 5 1 1
-5963.7 9129.6 -8.7 83 0 8.7 16.6 10.5 0.0 0 1 3 0 0
-5949.9 8813.8 -8.4 80 0 19.0 14.6 10.5 3.5 2 0 3 2 2
-5990.8 8813.0 -8.4 170 0 12.3 19.0 10.5 3.5 2 1 3 0 0
-5921.1 8819.6 -8.3 80 0 19.0 14.6 10.5 3.5 2 0 3 0 0
-5885.5 8833.0 -8.3 350 0 13.8 19.0 10.5 3.5 4 1 3 3 3
-5902.9 8864.5 -8.4 259 0 19.0 14.6 10.5 3.5 2 0 3 0 0
-6001.9 8837.8 -8.5 170 0 13.8 19.0 10.5 3.5 2 1 3 1 1
-5972.2 8848.8 -8.5 260 0 19.0 14.6 10.5 3.5 2 0 3 4 4
-4878.4 8011.7 -6.3 359 0 15.2 19.8 10.5 3.5 2 1 3 3 3
-4909.5 8004.0 -6.2 89 0 19.8 15.2 10.5 3.5 4 0 3 5 5
-4863.8 7978.6 -6.6 176 0 16.6 16.0 10.5 3.5 2 0 3 3 3
-4863.9 8009.0 -6.6 178 0 10.0 16.0 10.5 3.5 4 1 3 3 3
-4865.4 8029.9 -6.5 178 0 10.0 16.0 10.5 3.5 2 1 3 0 0
-4866.3 8050.8 -6.5 178 0 10.0 16.0 10.5 3.5 2 1 3 3 3
-4868.1 8095.8 -7.1 178 0 10.0 16.0 10.5 3.5 2 1 3 5 5
-4868.6 8116.7 -7.4 178 0 10.0 16.0 10.5 3.5 2 1 3 3 3
-4869.8 8137.8 -7.7 178 0 10.0 16.0 10.5 3.5 2 1 3 1 1
-4930.7 8004.3 -6.0 89 0 19.8 15.2 10.5 3.5 2 0 3 2 2
-4952.0 8003.8 -6.1 89 0 19.8 15.2 10.5 3.5 2 0 3 1 1
-4953.0 8036.6 -5.9 269 0 19.8 15.2 10.5 3.5 2 0 3 1 1
-4931.4 8037.0 -6.0 269 0 19.8 15.2 10.5 3.5 2 0 3 2 2
-4910.0 8037.5 -6.2 269 0 19.8 15.2 10.5 3.5 2 0 3 2 2
-4878.7 8030.9 -6.3 359 0 15.2 19.8 10.5 3.5 2 1 3 3 3
-4973.9 8035.8 -5.8 269 0 19.8 15.2 10.5 3.5 2 0 3 1 1
-4973.5 8003.1 -6.1 89 0 19.8 15.2 10.5 0.0 0 0 3 0 0
-4875.1 7981.3 -6.4 359 0 15.2 19.8 10.5 3.5 4 1 3 4 4
-4907.1 7988.2 -6.5 269 0 19.8 15.2 10.5 3.5 4 0 3 4 4
-4928.6 7986.2 -6.5 269 0 19.8 15.2 10.5 3.5 2 0 3 4 4
-4950.0 7985.8 -6.5 269 0 19.8 15.2 10.5 3.5 2 0 3 1 1
-4971.5 7985.4 -6.5 269 0 19.8 15.2 10.5 3.5 2 0 3 5 5
-4993.4 7984.6 -6.5 269 0 19.8 15.2 10.5 3.5 2 0 3 2 2
-4881.9 8097.7 -6.8 359 0 15.2 19.8 10.5 3.5 2 1 3 3 3
-4892.0 8123.4 -7.1 269 0 19.8 15.2 10.5 3.5 2 0 3 3 3
-4913.9 8122.2 -6.8 269 0 19.8 15.2 10.5 3.5 2 0 3 4 4
-4913.5 8089.0 -6.5 89 0 19.8 15.2 10.5 3.5 2 0 3 3 3
-4935.0 8088.6 -6.2 89 0 19.8 15.2 10.5 3.5 4 0 3 0 0
-4935.3 8122.2 -6.5 269 0 19.8 15.2 10.5 3.5 2 0 3 0 0
-4956.8 8121.4 -6.2 269 0 19.8 15.2 10.5 3.5 2 0 3 2 2
-4956.4 8087.4 -5.9 89 0 19.8 15.2 10.5 3.5 4 0 3 3 3
-4990.1 8001.7 -6.1 88 0 8.9 15.2 10.5 3.5 2 1 3 1 1
-4990.6 8035.4 -5.9 268 0 8.9 15.2 10.5 3.5 2 1 3 3 3
-4972.3 8086.6 -5.6 88 0 8.9 15.2 10.5 3.5 2 1 3 1 1
-4977.8 8112.9 -5.9 178 0 15.2 8.9 10.5 3.5 2 0 3 5 5
-4934.5 8148.8 -6.9 267 0 19.9 10.3 10.5 3.5 4 0 3 4 4
-4912.8 8150.2 -7.2 267 0 19.9 10.3 10.5 3.5 2 0 3 1 1
-4880.7 8145.6 -7.5 357 0 10.3 19.9 10.5 3.5 2 1 3 5 5
-4888.5 8051.2 -6.3 88 0 7.0 22.1 10.5 3.5 2 1 3 4 4
-4861.6 8155.3 -7.9 268 0 16.5 10.4 10.5 3.5 2 0 3 0 0
-4916.9 8755.6 -9.1 239 0 16.1 18.8 10.5 0.0 0 1 3 3 3
-4964.9 8725.4 -8.9 239 0 15.7 18.6 10.5 0.0 0 0 3 5 5
-5059.7 8582.4 -8.3 267 0 18.2 19.2 14.0 0.0 0 0 4 2 2
-5009.8 8582.6 -8.5 263 0 12.1 17.9 14.0 0.0 0 1 4 3 3
-5003.3 8537.6 -8.4 89 0 11.9 19.8 14.0 0.0 0 1 4 4 4
-5026.2 8536.8 -8.3 88 0 15.9 18.1 14.0 0.0 0 1 4 3 3
-5518.5 8344.4 -5.2 75 0 22.2 71.4 10.5 0.0 0 1 3 2 2
-4566.6 8020.4 -9.9 176 0 22.8 10.4 14.0 3.5 2 0 4 4 4
-4542.8 7980.7 -9.6 179 0 8.0 14.0 10.5 3.5 2 1 3 4 4
-5059.9 8479.4 -8.1 90 0 13.2 20.2 10.5 0.0 0 1 3 2 2
-5003.5 8482.7 -8.4 90 0 13.2 20.2 10.5 0.0 0 1 3 3 3
-4941.8 8615.4 -8.8 59 0 17.7 18.8 14.0 0.0 0 1 4 2 2
-5016.8 8636.8 -8.5 238 0 16.4 19.5 14.0 0.0 0 1 4 1 1
-4859.5 8573.1 -9.0 359 0 8.3 22.4 10.5 3.5 2 1 3 0 0
-4857.2 8589.6 -9.0 359 0 8.3 22.4 10.5 3.5 2 1 3 2 2
-4779.3 8122.5 -8.5 89 0 12.1 6.8 10.5 3.5 2 0 3 4 4
-5509.7 633.4 -3.8 90 0 14.8 15.9 10.5 3.5 2 1 3 1 1
-5436.1 608.6 -3.7 271 0 47.2 8.5 10.5 3.5 2 0 3 0 0
-5611.8 638.7 -3.6 91 0 29.8 9.4 10.5 3.5 2 0 3 2 2
-5482.7 10056.9 -7.7 4 0 17.8 17.8 5.0 2.5 4 0 2 0 0
