-6515.3 6986.1 -7.4 179 0 10.1 28.4 10.0 2.5 2 1 4 2 2
-6350.2 5679.7 -2.6 328 0 17.4 20.9 5.0 0.0 0 1 2 1 1
-6365.5 5670.9 -2.1 305 0 8.2 5.1 7.5 2.5 2 0 3 0 0
-5692.4 8663.3 -12.5 118 0 27.1 8.0 5.0 2.5 2 0 2 1 1
-5684.6 8670.8 -12.1 119 0 13.8 17.8 5.0 2.5 2 1 2 4 4
-5654.1 8629.8 -13.9 297 0 17.2 14.2 10.0 2.5 2 0 4 0 0
-5675.3 8635.9 -13.7 291 0 5.9 7.2 7.5 2.5 2 1 3 0 0
-5692.1 8652.1 -13.2 292 0 16.7 8.7 2.5 2.5 2 0 1 5 5
-5093.1 8292.9 -1.8 95 0 5.6 7.9 7.5 2.5 2 1 3 3 3
-5116.3 8274.7 -1.9 89 0 4.9 8.0 7.5 0.0 0 1 3 0 0
-5109.5 8274.1 -2.0 93 0 6.9 10.3 5.0 2.5 2 1 2 4 4
-5695.2 8652.6 -13.2 293 0 23.1 7.0 5.0 2.5 2 0 2 1 1
-5716.5 8665.4 -13.1 296 0 21.1 10.0 7.5 2.5 2 0 3 1 1
-5693.5 8717.5 -10.9 297 0 24.0 13.5 5.0 0.0 0 0 2 5 5
-5682.0 8669.9 -12.1 116 0 16.7 14.2 7.5 2.5 2 0 3 3 3
-5664.6 8647.4 -12.8 113 0 7.3 6.1 5.0 0.0 0 0 2 4 4
-5652.6 8627.7 -13.9 294 0 19.4 12.8 7.5 2.5 2 0 3 1 1
