A
1050 Generated by WorldEditor 2.3.1r1

1    187 0 0 VAAH Ahmedabad
1302 city Ahmedabad
1302 country India
1302 datum_lat 23.071188889
1302 datum_lon 72.626430556
1302 faa_code 
1302 gui_label 3D
1302 iata_code AMD
1302 icao_code VAAH
1302 region_code VA
1302 state Gujarat
1302 transition_alt 4000
1302 transition_level 
100 55.00 1 1 1.00 1 3 0 05  23.06598621  072.62241839    0   95 3 7 1 1 23  23.08853726  072.64649013    0  103 3 1 1 1
110 2 0.00 44.4800 Isolation Apron
111  23.06660911  072.62350728
112  23.06664915  072.62375434  23.06664482  072.62384052
111  23.06658925  072.62391714
111  23.06630525  072.62431029
111  23.06546820  072.62517133
112  23.06526392  072.62525527  23.06514932  072.62525527
111  23.06503772  072.62513559
111  23.06473554  072.62483278
111  23.06404246  072.62561414
111  23.06486038  072.62650779
111  23.06653326  072.62467477
111  23.06695514  072.62428171
112  23.06710939  072.62423772  23.06719070  072.62424336
113  23.06736491  072.62431636
110 2 0.00 44.4800 South Apron
111  23.06491918  072.62322293
111  23.06456649  072.62360884
112  23.06449706  072.62363628  23.06446702  072.62363366
111  23.06444206  072.62362063
111  23.06326541  072.62287592
111  23.06260933  072.62349018
111  23.06242852  072.62327963
111  23.06176543  072.62400519
111  23.06204955  072.62431866
111  23.06140813  072.62502046
111  23.06169655  072.62532458
111  23.06106374  072.62601235
111  23.06206363  072.62708185
111  23.06399650  072.62498111
111  23.06379848  072.62478928
111  23.06511870  072.62336136
111  23.06586139  072.62283242
111  23.06597884  072.62283258
111  23.06570344  072.62253777
113  23.06570160  072.62265352
111  23.06322641  072.62322612
112  23.06328198  072.62320674  23.06331514  072.62320517
111  23.06334300  072.62321962
111  23.06424761  072.62376681
112  23.06429843  072.62383109  23.06431045  072.62387680
111  23.06428469  072.62390844
111  23.06362401  072.62460050
113  23.06277500  072.62367125
110 1 0.00 44.4800 Edge South
111  23.06537562  072.62218685
111  23.06570344  072.62253777
111  23.06597884  072.62283258
111  23.06660911  072.62350728
111  23.06736491  072.62431636
111  23.08286181  072.64091707
112  23.08288256  072.64127525  23.08292616  072.64139937
112  23.08312005  072.64154141  23.08324669  072.64159106
111  23.08343914  072.64152361
111  23.08765073  072.64603206
112  23.08766976  072.64616521  23.08766145  072.64622614
111  23.08760007  072.64630829
111  23.08816877  072.64689982
111  23.08840169  072.64664041
113  23.06542907  072.62212765
110 1 0.00 44.4800 Taxi North
111  23.06810868  072.61982713 102
111  23.06609085  072.62206438
111  23.06577826  072.62173671
111  23.06570435  072.62182303
111  23.08866883  072.64634321 102
111  23.08889428  072.64609545 102
111  23.08836656  072.64550553 102
112  23.08819293  072.64556282  23.08811075  072.64557379 102
111  23.08804893  072.64555743 102
111  23.08083971  072.63781541 102
112  23.08087910  072.63743538  23.08083066  072.63723980
111  23.08087910  072.63743538
112  23.08087910  072.63743538  23.08082893  072.63724168 102
112  23.08054024  072.63714906  23.08045028  072.63713965 102
111  23.08024874  072.63718076 102
111  23.07764148  072.63438081 102
111  23.07685940  072.63135192 102
112  23.07678047  072.63114142  23.07673433  072.63108501 102
111  23.07658397  072.63092262 102
111  23.07628435  072.63124267 102
111  23.07640348  072.63136707 102
111  23.07670827  072.63249568 102
111  23.07678059  072.63312457 102
112  23.07673239  072.63321070  23.07668395  072.63323138 102
111  23.07663594  072.63320318
111  23.07590963  072.63247184
111  23.07192405  072.62833200
111  23.07098295  072.62730125
111  23.06761178  072.62358853 102
111  23.06789183  072.62317293 102
111  23.06823861  072.62286750 102
112  23.06831455  072.62284667  23.06835540  072.62284667 102
111  23.06839107  072.62288050 102
111  23.06855304  072.62300601 102
111  23.06888780  072.62262513 102
111  23.06875019  072.62245269 102
112  23.06872391  072.62236292  23.06872558  072.62231758 102
111  23.06876062  072.62227905 102
111  23.06894383  072.62205281 102
111  23.06911064  072.62181106 102
111  23.07001863  072.62083184 102
111  23.07007914  072.62076658
111  23.07000148  072.62068803
111  23.06994503  072.62074872
111  23.06979393  072.62057879
111  23.06888513  072.62157631
111  23.06861308  072.62185723
111  23.06850845  072.62177777 102
111  23.06836072  072.62188865 102
112  23.06829482  072.62190917  23.06826159  072.62190502 102
111  23.06822022  072.62186591 102
111  23.06790830  072.62160150 102
111  23.06764923  072.62126770 102
112  23.06762173  072.62117283  23.06762317  072.62111641 102
111  23.06765409  072.62108452 102
111  23.06794801  072.62069154 102
111  23.06832542  072.62033889
111  23.06848994  072.62015195
113  23.06814606  072.61978369
111  23.06719901  072.62316184
112  23.06710681  072.62316315  23.06707318  072.62313050
111  23.06710681  072.62316315
112  23.06710681  072.62316315  23.06707798  072.62314356
111  23.06682242  072.62284927 102
112  23.06692386  072.62258554  23.06694254  072.62243210 102
111  23.06687820  072.62231388 102
111  23.06670528  072.62210718 102
111  23.06683506  072.62193846 102
111  23.06709200  072.62169943 102
112  23.06716199  072.62166090  23.06721101  072.62165619 102
111  23.06724164  072.62168115 102
111  23.06756567  072.62196243 102
111  23.06782555  072.62229426 102
112  23.06786078  072.62237693  23.06786770  072.62242770 102
111  23.06784049  072.62246407 102
113  23.06758340  072.62282064 102
110 2 0.00 44.4800 Apron 1
111  23.06797419  072.61968895 102
111  23.06810871  072.61982704
111  23.06814608  072.61978372
111  23.06848987  072.62015197
111  23.06832545  072.62033880 102
112  23.06840054  072.62034122  23.06843898  072.62035297 102
111  23.06850980  072.62041732 102
111  23.06878650  072.62064043 102
111  23.06905855  072.62101085 102
112  23.06907462  072.62107683  23.06907378  072.62111129 102
111  23.06905443  072.62113746 102
111  23.06871775  072.62158922 102
111  23.06850848  072.62177768
111  23.06861311  072.62185891
111  23.06888531  072.62157628
111  23.06979394  072.62057875
111  23.06994504  072.62074868
111  23.07000151  072.62068794
111  23.07007920  072.62076665 102
111  23.07008875  072.62075514 102
111  23.07063061  072.62013941 102
111  23.07069601  072.62006509 102
111  23.07164811  072.62111069 102
111  23.07298238  072.61968894 102
111  23.07262212  072.61931129 102
111  23.07268899  072.61923487 102
111  23.07215066  072.61865612 102
111  23.07380311  072.61680153 102
111  23.07403795  072.61705884 102
111  23.07452320  072.61653102 102
111  23.07428549  072.61625177 102
111  23.07459394  072.61591396 102
111  23.07474102  072.61606213 102
111  23.07570533  072.61502227 102
111  23.07550803  072.61477272 102
111  23.07466772  072.61569464 102
111  23.07442465  072.61544340 102
111  23.07430267  072.61557207 102
111  23.07314376  072.61431961 102
111  23.07066742  072.61703918 102
111  23.07061759  072.61703106 102
111  23.07041422  072.61683487 102
111  23.07053261  072.61672179 102
111  23.07032813  072.61653463 102
111  23.06949224  072.61744550 102
111  23.06963935  072.61761080 102
111  23.06973621  072.61750162 102
111  23.06997298  072.61773557 102
111  23.06996580  072.61780576 102
111  23.06984351  072.61793886 102
111  23.06910891  072.61873836 102
111  23.06834090  072.61957422 102
113  23.06808620  072.61956252 102
110 2 0.00 44.4800 Apron 2
111  23.06855304  072.62300601 102
111  23.06887591  072.62328207 102
111  23.07104374  072.62564867 102
111  23.07132063  072.62659900 102
111  23.07144117  072.62738975 102
112  23.07140237  072.62749896  23.07135912  072.62752403 102
111  23.07131203  072.62750205 102
111  23.07100634  072.62727278 102
111  23.07091304  072.62723518
111  23.07230864  072.62872233 102
111  23.07195197  072.62748145 102
111  23.07188998  072.62684698 102
111  23.07192614  072.62679083 102
111  23.07203462  072.62678521 102
111  23.07259253  072.62724001 102
111  23.07628435  072.63124267 102
111  23.07658397  072.63092262 102
111  23.07532868  072.62958065 102
111  23.07486855  072.62899300 102
112  23.07483082  072.62890375  23.07482583  072.62885501 102
111  23.07484705  072.62881061 102
111  23.07580910  072.62765473 102
111  23.07552571  072.62730394 102
112  23.07549064  072.62716880  23.07549496  072.62709985 102
111  23.07553134  072.62705219 102
111  23.07596967  072.62646544 102
111  23.07610694  072.62668117 102
111  23.07618276  072.62675365 102
111  23.07640157  072.62659289 102
111  23.07533869  072.62545956 102
111  23.07570063  072.62503558 102
111  23.07361136  072.62273817 102
111  23.07306465  072.62320140 102
111  23.07327559  072.62344471 102
111  23.07296994  072.62376756 102
111  23.07313353  072.62395941 102
111  23.07291398  072.62420272 102
111  23.07227862  072.62489668 102
111  23.07184106  072.62530130 102
111  23.07170177  072.62543009 102
111  23.07162859  072.62544413 102
111  23.07149944  072.62539266 102
111  23.06912026  072.62296201 102
113  23.06888780  072.62262513
111  23.07256484  072.62665202 102
111  23.07207512  072.62599846 102
112  23.07205076  072.62593531  23.07204643  072.62589771 102
111  23.07206272  072.62587044 102
111  23.07230448  072.62553355 102
111  23.07265782  072.62521014 102
112  23.07274244  072.62516862  23.07278742  072.62516674 102
111  23.07283139  072.62521014 102
111  23.07340790  072.62570874 102
111  23.07452371  072.62690806 102
111  23.07500928  072.62755266 102
112  23.07506504  072.62767388  23.07507750  072.62775060 102
111  23.07504226  072.62779538 102
111  23.07450656  072.62837361 102
112  23.07441588  072.62841999  23.07436052  072.62842563 102
111  23.07432318  072.62840118 102
113  23.07379223  072.62793220 102
110 1 0.00 44.4800 New Taxiway 18
111  23.06855926  072.61814809 106
111  23.06910888  072.61873845 106
111  23.06984348  072.61793895 106
111  23.06969313  072.61777352 106
111  23.06963932  072.61761089 106
111  23.06949221  072.61744559 106
111  23.06937523  072.61755719 106
113  23.06910589  072.61756526 106
130 Airport Boundary 17
111  23.09083730  072.64659572
111  23.08628077  072.64156149
111  23.07981294  072.63472602
111  23.08013627  072.63442750
111  23.07952272  072.63371582
111  23.07950793  072.63338618
111  23.07798050  072.63174819
111  23.07858265  072.63107405
111  23.07744759  072.62985583
111  23.07740208  072.61675873
111  23.07614493  072.61505163
111  23.07702223  072.61403051
111  23.07603165  072.61269665
111  23.07503108  072.61374350
111  23.07387703  072.61231238
111  23.06692487  072.61888876
111  23.06413228  072.61723915
111  23.06007748  072.62367237
111  23.06051546  072.62546945
111  23.06199667  072.62720099
111  23.06345802  072.62559546
111  23.06445690  072.62710782
111  23.06545837  072.62759941
111  23.06534450  072.62814410
111  23.07023672  072.63237863
111  23.07174704  072.63242363
111  23.07777377  072.63689470
111  23.07734197  072.63743194
111  23.08019003  072.64054908
111  23.08045403  072.64028097
111  23.08483026  072.64525211
111  23.08667820  072.64687256
111  23.08657752  072.64700208
111  23.08849135  072.64902382
111  23.08954356  072.64792705
111  23.09146790  072.64995233
111  23.09184996  072.64951869
113  23.08998656  072.64752520
120 Linear Feature 1
111  23.06809352  072.62228372 51 101
115  23.06841944  072.62260523
120 Linear Feature 1
111  23.06846564  072.62220115 51 101
112  23.06825140  072.62230063  23.06816161  072.62232476 51 101
115  23.06809352  072.62228372
120 Linear Feature 31
111  23.07717021  072.63256686 54 104
115  23.07673120  072.63268979
120 Linear Feature 24
111  23.06809352  072.62228372 1 101
116  23.06803199  072.62267932  23.06789360  072.62286641
120 Linear Feature 23
112  23.06846434  072.62220288  23.06846154  072.62220672 51 101
115  23.06803199  072.62267932
120 Linear Feature 6
111  23.06942503  072.62114129 51 101
111  23.06986333  072.62065706 51 101
111  23.07008435  072.62041249 51 101
112  23.07013522  072.62030956  23.07015404  072.62024238
111  23.07013522  072.62030956
112  23.07013522  072.62030956  23.07015028  072.62025052 51 101
111  23.07015568  072.62015404 51 101
111  23.07019790  072.61943659 51 101
112  23.07021763  072.61934654  23.07023416  072.61930275 51 101
115  23.07028590  072.61924330
120 Linear Feature 22
111  23.06841944  072.62260523 51 101
116  23.06846564  072.62220115  23.06858671  072.62203734
120 Linear Feature 28
112  23.06695715  072.62142787  23.06696185  072.62142086 1 101
115  23.06739794  072.62094717
120 Linear Feature 27
111  23.06733763  072.62149837 1 101
116  23.06730897  072.62104331  23.06752541  072.62081211
120 Linear Feature 26
111  23.06695715  072.62142787 51 101
112  23.06733763  072.62149837  23.06759396  072.62172757 51 101
115  23.06809352  072.62228372
120 Linear Feature 39
111  23.07344645  072.61486682 22
111  23.07166850  072.61682015 22
115  23.07259452  072.61783790
120 Linear Feature 38
111  23.07263075  072.61779846 20
111  23.07173234  072.61683139 20
115  23.07348336  072.61490592
120 Linear Feature 42
111  23.06917139  072.61868459 20
115  23.07058336  072.62018321
120 Linear Feature 41
111  23.07060642  072.62015751 20
115  23.06919638  072.61865591
120 Linear Feature 17
111  23.06690906  072.62338791 1 101
116  23.06736724  072.62341549  23.06760350  072.62321539
120 Linear Feature 16
112  23.06697272  072.62385196  23.06699175  072.62383719 51 101
115  23.06736724  072.62341549
120 Linear Feature 15
111  23.06780820  072.62437735 51 101
111  23.06734760  072.62388317 51 101
116  23.06697272  072.62385196  23.06679877  072.62400557
120 Linear Feature 14
111  23.07115956  072.62544451 51 101
112  23.06841944  072.62260523  23.06832405  072.62250701 51 101
112  23.06803199  072.62267932  23.06787300  072.62277822
111  23.06803199  072.62267932
112  23.06803199  072.62267932  23.06797012  072.62274656 51 101
112  23.06772014  072.62302538  23.06754269  072.62321319
111  23.06772014  072.62302538
112  23.06772014  072.62302538  23.06771582  072.62302995 51 101
111  23.06736724  072.62341549 51 101
112  23.06740578  072.62391325  23.06765039  072.62418207 51 101
115  23.06780931  072.62434871
120 Linear Feature 13
111  23.07179383  072.62795978 51 101
116  23.07140679  072.62820817  23.07108876  072.62787680
120 Linear Feature 12
111  23.07152200  072.62659903 51 101
111  23.07160874  072.62696819 101
111  23.07160874  072.62696819 51 101
111  23.07179383  072.62795978 51 101
111  23.07189442  072.62840386 1 101
112  23.07217209  072.62902253  23.07238784  072.62926116 1 101
115  23.07254261  072.62939971
120 Linear Feature 11
112  23.07136114  072.62566023  23.07135879  072.62565746 51 101
112  23.07115956  072.62544451  23.07112096  072.62540548
111  23.07115956  072.62544451 51 101
112  23.07135879  072.62565746  23.07151494  072.62583183 51 101
115  23.07145525  072.62633638
120 Linear Feature 10
111  23.07152200  072.62659903 51 101
111  23.07145525  072.62633638 51 101
112  23.07161698  072.62591644  23.07175256  072.62577419 51 101
115  23.07182020  072.62570697
120 Linear Feature 9
112  23.07190506  072.62624157  23.07188486  072.62622434 51 101
116  23.07145525  072.62633638  23.07124911  072.62673134
120 Linear Feature 37
111  23.07341994  072.61483550 20
111  23.07160121  072.61682429 20
115  23.07256944  072.61786521
120 Linear Feature 30
111  23.07189891  072.62694448 54 104
115  23.07139059  072.62702671
120 Linear Feature 3
111  23.07136114  072.62566023 51 101
111  23.07181145  072.62614142 51 101
116  23.07182020  072.62570697  23.07198165  072.62549575
120 Linear Feature 2
111  23.07182020  072.62570697 51 101
116  23.07136114  072.62566023  23.07110701  072.62542300
120 Linear Feature 13
111  23.07420187  072.62869646 51 101
111  23.07257321  072.62695640 51 101
111  23.07190506  072.62624157 51 101
115  23.07181145  072.62614142
120 Linear Feature 11
111  23.07460441  072.62912817 51 101
115  23.07420187  072.62869646
120 Linear Feature 10
111  23.07463544  072.62862737 51
116  23.07420187  072.62869646  23.07399936  072.62854972
120 Linear Feature 9
111  23.07531928  072.62989260 51 101
111  23.07460441  072.62912817 51 101
116  23.07463544  072.62862737  23.07481170  072.62844802
120 Linear Feature 4
111  23.07680359  072.63396819 1 101
112  23.07709756  072.63396127  23.07722780  072.63383554
111  23.07709756  072.63396127
112  23.07709756  072.63396127  23.07720470  072.63385795 1 101
116  23.07716693  072.63372425  23.07715764  072.63361981
120 Linear Feature 3
111  23.07531928  072.62989260 51 101
111  23.07639488  072.63113303 1 101
112  23.07667343  072.63158668  23.07671547  072.63178843
111  23.07667343  072.63158668 1 101
111  23.07704688  072.63320993 1 101
111  23.07716693  072.63372425 1 101
116  23.07751505  072.63474761  23.07779346  072.63504174
120 Linear Feature 10
111  23.08286078  072.64092599 53 102
112  23.08296271  072.64146533  23.08316198  072.64165744 53 102
115  23.08342952  072.64154353
120 Linear Feature 6
111  23.08770212  072.64559972 1
112  23.08798632  072.64641044  23.08822193  072.64657266 1
116  23.08820866  072.64613886  23.08810029  072.64603656
120 Linear Feature 5
112  23.08767084  072.64609039  23.08766028  072.64619494 3 102
111  23.08764353  072.64629951 3 102
111  23.08817689  072.64689152 3 102
115  23.08836309  072.64668212
120 Linear Feature 4
111  23.08870832  072.64630115 3 102
111  23.08886847  072.64612534 3 102
111  23.08833799  072.64555210 3 102
115  23.08804854  072.64559992
120 Linear Feature 32
111  23.06702111  072.62291358 20
115  23.06708131  072.62290995
120 Linear Feature 31
111  23.06706542  072.62288269 20
115  23.06704285  072.62293903
120 Linear Feature 26
111  23.06690906  072.62338791 1 101
111  23.06627266  072.62271036 1 101
112  23.06624814  072.62220217  23.06642708  072.62199827 1 101
115  23.06695715  072.62142787
120 Linear Feature 23
111  23.06654120  072.62434896 51
111  23.06544385  072.62554186 51
112  23.06435595  072.62582350  23.06422418  072.62483361 51
116  23.06544385  072.62554186  23.06561846  072.62538658
120 Linear Feature 27
111  23.06639095  072.62419923 54
115  23.06671613  072.62450841
120 Linear Feature 18
111  23.06247955  072.62378894 51
112  23.06237959  072.62377891  23.06232860  072.62382024
111  23.06237959  072.62377891
112  23.06237959  072.62377891  23.06231530  072.62383804 51
111  23.06214714  072.62404947 51
112  23.06216692  072.62439171  23.06224060  072.62462826
111  23.06216692  072.62439171 51
115  23.06222810  072.62452452
120 Linear Feature 4
111  23.06342298  072.62483526 51
116  23.06348329  072.62492175  23.06347851  072.62495265
120 Linear Feature 6
111  23.06274355  072.62408173 51
115  23.06232128  072.62453913
120 Linear Feature 7
111  23.06302265  072.62439126 51
115  23.06261358  072.62482964
120 Linear Feature 8
111  23.06316156  072.62454532 51
111  23.06290252  072.62479785 51
112  23.06289097  072.62489282  23.06291623  072.62493324
111  23.06289097  072.62489282
112  23.06289097  072.62489282  23.06291623  072.62494059 51
112  23.06302121  072.62491969  23.06307932  072.62487215
111  23.06302121  072.62491969
112  23.06302121  072.62491969  23.06305633  072.62488224 51
116  23.06326368  072.62465859  23.06326368  072.62466038
120 Linear Feature 5
111  23.06342298  072.62483526 51
111  23.06326368  072.62465859 51
111  23.06316156  072.62454532 51
111  23.06302265  072.62439126 51
111  23.06274355  072.62408173 51
115  23.06247955  072.62378894
120 Linear Feature 3
111  23.06350100  072.62485273 51
116  23.06342298  072.62483526  23.06337220  072.62478141
120 Linear Feature 2
111  23.06690906  072.62338791 1 101
111  23.06624319  072.62270573 1 101
112  23.06589701  072.62265369  23.06573024  072.62277056
111  23.06589701  072.62265369
112  23.06589701  072.62265369  23.06588291  072.62266357 1 101
112  23.06584468  072.62269022  23.06582413  072.62270453
111  23.06584468  072.62269022
112  23.06584468  072.62269022  23.06562215  072.62284518 1 101
111  23.06506275  072.62323138 51 101
111  23.06450234  072.62384241 51 101
111  23.06362592  072.62473349 51 101
111  23.06350100  072.62485273 51 101
112  23.06348329  072.62492175  23.06348266  072.62495965
111  23.06348329  072.62492175
112  23.06348329  072.62492175  23.06347798  072.62494845 51 101
112  23.06346091  072.62496606  23.06345818  072.62496902 51 101
111  23.06315708  072.62530073 51 101
111  23.06309561  072.62536255 51 101
112  23.06298042  072.62535178  23.06290858  072.62528043 51 101
115  23.06222810  072.62452452
120 Linear Feature 1
111  23.06690906  072.62338791 1 101
112  23.06697272  072.62385196  23.06681057  072.62405540
111  23.06697272  072.62385196
112  23.06697272  072.62385196  23.06696692  072.62385923 1 101
112  23.06695271  072.62387424  23.06694666  072.62388168
111  23.06695271  072.62387424
112  23.06695271  072.62387424  23.06678948  072.62407492 51 101
115  23.06654863  072.62434210
120 Linear Feature 7
111  23.06780404  072.62329933 54 102
115  23.06745915  072.62293352
120 Linear Feature 6
111  23.06669592  072.62210065 54 104
115  23.06638442  072.62178114
120 Linear Feature 16
111  23.06534334  072.62291929 54 104
115  23.06546075  072.62311904
120 Linear Feature 40
111  23.06918442  072.61866835 22
115  23.07059592  072.62016932
120 Linear Feature 4
111  23.06932861  072.61899302 51
112  23.06927512  072.61897118  23.06924058  072.61896833 51
111  23.06919867  072.61898471
111  23.06963654  072.61975908 51
112  23.06963878  072.61969403  23.06963354  072.61965639 51
111  23.06961286  072.61963507 51
111  23.06917592  072.61916082 51
112  23.06911785  072.61913854  23.06908050  072.61913854 51
111  23.06903818  072.61915973
111  23.06948325  072.61993262 51
112  23.06948921  072.61987048  23.06948440  072.61983864 51
111  23.06945522  072.61980621 51
111  23.06901947  072.61933427 51
112  23.06896808  072.61931018  23.06893354  072.61930638 51
111  23.06888549  072.61932631
111  23.06933052  072.62010464 51
112  23.06934143  072.62004129  23.06933776  072.62000936 51
111  23.06930692  072.61997993 51
111  23.06886350  072.61950586 51
112  23.06880787  072.61948433  23.06876889  072.61948196 51
111  23.06872563  072.61950061
111  23.06911256  072.62035014 51
112  23.06907707  072.62045723  23.06907958  072.62052497 51
111  23.06911835  072.62056805
111  23.06933052  072.62010464 51
112  23.06940705  072.62010783  23.06943433  072.62012152 51
111  23.06949713  072.62020132
111  23.06950751  072.61990506 51
112  23.06961163  072.61988482  23.06966955  072.61989509 51
115  23.06972105  072.61994801
120 Linear Feature 3
112  23.07154168  072.61710458  23.07158051  072.61723574 51 101
111  23.07155154  072.61733599 51 101
111  23.07142215  072.61787472 101
111  23.07145986  072.61792988 51 101
112  23.07150608  072.61794479  23.07155190  072.61796494
111  23.07150608  072.61794479
112  23.07150608  072.61794479  23.07151588  072.61794973 101
112  23.07153411  072.61796353  23.07154622  072.61797343
111  23.07153411  072.61796353
112  23.07153411  072.61796353  23.07154324  072.61797099 51 101
112  23.07156291  072.61799122  23.07157292  072.61800233
111  23.07156291  072.61799122
112  23.07156291  072.61799122  23.07162020  072.61805485 51 101
111  23.07158982  072.61815630 51 101
111  23.07190433  072.61850295 101
111  23.07159963  072.61875724 51 101
111  23.07132808  072.61845648 51 101
112  23.07130177  072.61828484  23.07124748  072.61822544
111  23.07130177  072.61828484
112  23.07130177  072.61828484  23.07129064  072.61827266 51 101
112  23.07126877  072.61825576  23.07125805  072.61824835
111  23.07126877  072.61825576
112  23.07126877  072.61825576  23.07125618  072.61824706 101
112  23.07124026  072.61823778  23.07122969  072.61823390
111  23.07124026  072.61823778
112  23.07124026  072.61823778  23.07121593  072.61822885 51 101
111  23.07119242  072.61822977 101
111  23.07132808  072.61845648 51 101
112  23.07117691  072.61841548  23.07112481  072.61836044
111  23.07117691  072.61841548
112  23.07117691  072.61841548  23.07116716  072.61840519 51 101
112  23.07115333  072.61838430  23.07114722  072.61837396
111  23.07115333  072.61838430
112  23.07115333  072.61838430  23.07114533  072.61837075 101
112  23.07113777  072.61835274  23.07113436  072.61834092
111  23.07113777  072.61835274
112  23.07113777  072.61835274  23.07112986  072.61832535 51 101
111  23.07113064  072.61829831
111  23.07130134  072.61904960 51 101
111  23.07104196  072.61878083 51 101
112  23.07101720  072.61861208  23.07096280  072.61854475
111  23.07101720  072.61861208
112  23.07101720  072.61861208  23.07100672  072.61859911 51 101
112  23.07098504  072.61857423  23.07097515  072.61856568
111  23.07098504  072.61857423
112  23.07098504  072.61857423  23.07097349  072.61856425 101
112  23.07095641  072.61855925  23.07094666  072.61855395
111  23.07095641  072.61855925
112  23.07095641  072.61855925  23.07093114  072.61854551 51 101
111  23.07091158  072.61854320 101
111  23.07104196  072.61878083 51 101
112  23.07089439  072.61874817  23.07083712  072.61868877
111  23.07089439  072.61874817
112  23.07089439  072.61874817  23.07088305  072.61873640 51 101
112  23.07086652  072.61871317  23.07085913  072.61870177
111  23.07086652  072.61871317
112  23.07086652  072.61871317  23.07085816  072.61870027 101
112  23.07085007  072.61868181  23.07084564  072.61867069
111  23.07085007  072.61868181
112  23.07085007  072.61868181  23.07083863  072.61865314 51 101
111  23.07083573  072.61862775
111  23.07106904  072.61938497 51 101
111  23.07078269  072.61907367 51 101
112  23.07075026  072.61890494  23.07069224  072.61884384
111  23.07075026  072.61890494
112  23.07075026  072.61890494  23.07073162  072.61888531 51 101
112  23.07069851  072.61886278  23.07068309  072.61885365
111  23.07069851  072.61886278
112  23.07069851  072.61886278  23.07069205  072.61885896 101
112  23.07068043  072.61885340  23.07067486  072.61885093
111  23.07068043  072.61885340
112  23.07068043  072.61885340  23.07065790  072.61884337 51 101
111  23.07064345  072.61884317
111  23.07078269  072.61907367 51 101
112  23.07063628  072.61903697  23.07058491  072.61898153
111  23.07063628  072.61903697
112  23.07063628  072.61903697  23.07061730  072.61901648 51 101
112  23.07059580  072.61897546  23.07058715  072.61895618
111  23.07059580  072.61897546
112  23.07059580  072.61897546  23.07059266  072.61896845 101
112  23.07058794  072.61895560  23.07058581  072.61894942
111  23.07058794  072.61895560
112  23.07058794  072.61895560  23.07058008  072.61893281 51 101
111  23.07057847  072.61891692
111  23.07076366  072.61968324 51 101
111  23.07049727  072.61938977 51 101
112  23.07046326  072.61923268  23.07040607  072.61917052
111  23.07046326  072.61923268
112  23.07046326  072.61923268  23.07044203  072.61920960 51 101
112  23.07040515  072.61918376  23.07038833  072.61917340
111  23.07040515  072.61918376
112  23.07040515  072.61918376  23.07039886  072.61917989 101
112  23.07038775  072.61917417  23.07038247  072.61917160
111  23.07038775  072.61917417
112  23.07038775  072.61917417  23.07036911  072.61916511 51 101
111  23.07035743  072.61916340 101
111  23.07049727  072.61938977 51 101
112  23.07035350  072.61935192  23.07030366  072.61930116
111  23.07035350  072.61935192
112  23.07035350  072.61935192  23.07033324  072.61933129 51 101
112  23.07030767  072.61929088  23.07029705  072.61927226
111  23.07030767  072.61929088
112  23.07030767  072.61929088  23.07030395  072.61928436 101
112  23.07029806  072.61927268  23.07029536  072.61926713
111  23.07029806  072.61927268
112  23.07029806  072.61927268  23.07028951  072.61925508 51 101
111  23.07028590  072.61924330 51 101
111  23.07145986  072.61792988 101
111  23.07158982  072.61815630 51 101
112  23.07144411  072.61811945  23.07138808  072.61806060
111  23.07144411  072.61811945
112  23.07144411  072.61811945  23.07143483  072.61810970 51 101
112  23.07142055  072.61809115  23.07141405  072.61808209
111  23.07142055  072.61809115
112  23.07142055  072.61809115  23.07141101  072.61807786 101
112  23.07140076  072.61806270  23.07139590  072.61805188
111  23.07140076  072.61806270
112  23.07140076  072.61806270  23.07138892  072.61803639 51 101
111  23.07138716  072.61801109 51 101
115  23.07142215  072.61787472
120 Linear Feature 2
111  23.06846564  072.62220115 51 101
111  23.06942503  072.62114129 51 101
112  23.06946032  072.62100952  23.06945704  072.62092294
111  23.06946032  072.62100952
112  23.06946032  072.62100952  23.06945958  072.62099004 51 101
112  23.06945002  072.62095587  23.06944424  072.62093928
111  23.06945002  072.62095587
112  23.06945002  072.62095587  23.06943010  072.62089874 51 101
111  23.06938897  072.62086068 51 101
111  23.06849982  072.61989905 51 101
112  23.06844186  072.61987879  23.06840695  072.61987879 51 101
111  23.06835992  072.61989926 51 101
111  23.06850104  072.61974552 51 101
112  23.06848230  072.61983892  23.06848169  072.61987885 51 101
111  23.06849982  072.61989905 51 101
111  23.06932861  072.61899302 51 101
111  23.06976704  072.61946160 51 101
112  23.06979780  072.61952973  23.06980042  072.61956679 51 101
111  23.06978445  072.61959286 51 101
111  23.06911256  072.62035014 51 101
112  23.06901799  072.62038470  23.06895416  072.62038185 51 101
115  23.06892184  072.62035561
120 Linear Feature 1
111  23.07370537  072.61550044 51
112  23.07346460  072.61544276  23.07338527  072.61536769 51
115  23.07335758  072.61525822
120 Linear Feature 1
111  23.06739794  072.62094717 1 101
111  23.06830731  072.61995659 51 101
111  23.07107972  072.61693387 51 101
112  23.07123026  072.61683326  23.07129683  072.61681482 51 101
111  23.07139539  072.61680972 51 101
111  23.07180956  072.61678324 51 101
112  23.07194950  072.61675775  23.07200752  072.61673903 51 101
111  23.07208568  072.61666261 51 101
111  23.07344786  072.61515856 51 101
112  23.07364221  072.61523563  23.07373649  072.61534304 51 101
111  23.07370537  072.61550044 51 101
111  23.07414204  072.61596735
111  23.07375488  072.61643649 51 101
111  23.07330421  072.61593819 51 101
112  23.07324469  072.61568950  23.07315984  072.61559585 51 101
111  23.07305343  072.61559362 101
111  23.07274194  072.61514727 51 101
111  23.07298012  072.61541924 51 101
112  23.07301317  072.61553651  23.07301846  072.61561863 51 101
111  23.07299258  072.61566112 51 101
112  23.07308457  072.61587311  23.07317160  072.61596771 51 101
111  23.07330421  072.61593819
111  23.07328968  072.61695262 51 101
111  23.07283048  072.61645368 51 101
112  23.07277726  072.61620552  23.07268207  072.61610304 51 101
111  23.07258060  072.61611612
111  23.07254349  072.61539882 51 101
111  23.07276896  072.61564059 51 101
112  23.07281000  072.61576703  23.07281210  072.61584857 51 101
111  23.07278972  072.61588511
111  23.07213931  072.61583098 51 101
111  23.07238017  072.61609685 51 101
112  23.07241739  072.61621803  23.07241630  072.61628535 51 101
111  23.07240610  072.61630896 101
111  23.07283048  072.61645368 51 101
112  23.07263795  072.61641349  23.07253188  072.61634549 51 101
111  23.07252073  072.61618210
111  23.07193702  072.61606119 51 101
111  23.07216442  072.61631595 51 101
112  23.07220905  072.61643957  23.07221255  072.61651418 51 101
111  23.07220571  072.61653020
111  23.07282997  072.61746307 51 101
111  23.07236323  072.61696216 51 101
112  23.07231300  072.61671213  23.07224319  072.61661950 51 101
111  23.07213334  072.61661056 101
111  23.07206010  072.61668694 51 101
112  23.07214889  072.61690126  23.07224227  072.61698305 51 101
111  23.07236323  072.61696216
111  23.07232346  072.61793267 51 101
111  23.07142977  072.61698541 51 101
112  23.07127040  072.61690829  23.07117848  072.61690145 51 101
111  23.07105915  072.61695643
111  23.07083573  072.61862775 51 101
111  23.07087326  072.61822847 51 101
111  23.07093310  072.61759195
112  23.07093310  072.61759195  23.07093261  072.61754402 51 101
112  23.07088882  072.61743182  23.07084898  072.61737645
111  23.07088882  072.61743182
112  23.07088882  072.61743182  23.07081720  072.61733229 51 101
111  23.07068161  072.61736814
111  23.07049910  072.61900436 51 101
111  23.07053555  072.61860040 51 101
111  23.07059196  072.61797508 51 101
112  23.07052634  072.61780319  23.07045079  072.61772301 51 101
111  23.07029344  072.61779129
111  23.07019790  072.61943659 51 101
111  23.07023047  072.61888285 51 101
111  23.07025894  072.61839869 51 101
112  23.07018660  072.61819599  23.07011480  072.61811937 51 101
111  23.06990109  072.61821880
111  23.06975566  072.61894455 51 101
111  23.06958570  072.61876415 51 101
112  23.06950669  072.61872808  23.06945688  072.61872491 51 101
115  23.06941431  072.61874974
120 Linear Feature 4
111  23.07463544  072.62862737 51 101
111  23.07528155  072.62791767 51 101
112  23.07536106  072.62767473  23.07535736  072.62751782 51 101
111  23.07522665  072.62739046 51 101
111  23.07299995  072.62500049 51 101
112  23.07275620  072.62488990  23.07259644  072.62487729 51 101
111  23.07250652  072.62497996 51 101
111  23.07218083  072.62532779 51 101
115  23.07182020  072.62570697
120 Linear Feature 5
111  23.07250652  072.62497996 51 101
111  23.07310579  072.62432469
111  23.07299995  072.62500049 51 101
111  23.07273911  072.62472307 51 101
112  23.07278539  072.62455521  23.07283996  072.62448217
111  23.07278539  072.62455521
112  23.07278539  072.62455521  23.07278967  072.62454948 101
112  23.07279560  072.62454462  23.07280074  072.62453913
111  23.07279560  072.62454462
112  23.07279560  072.62454462  23.07280055  072.62453933 101
112  23.07280946  072.62453064  23.07281465  072.62452610
111  23.07280946  072.62453064
112  23.07280946  072.62453064  23.07287833  072.62447037 51 101
111  23.07296570  072.62447255
111  23.07358707  072.62475764 51 101
111  23.07352655  072.62482163 51 101
112  23.07344459  072.62509050  23.07334641  072.62520530
111  23.07344459  072.62509050
112  23.07344459  072.62509050  23.07344191  072.62509363 51 101
112  23.07343649  072.62509969  23.07343378  072.62510269
111  23.07343649  072.62509969
112  23.07343649  072.62509969  23.07342732  072.62510981 101
112  23.07341282  072.62512420  23.07340332  072.62513291
111  23.07341282  072.62512420
112  23.07341282  072.62512420  23.07332172  072.62520768 51 101
111  23.07321657  072.62523244 101
111  23.07319237  072.62520698 51 101
112  23.07324897  072.62494917  23.07332900  072.62482567
111  23.07324897  072.62494917
112  23.07324897  072.62494917  23.07325623  072.62493797 101
112  23.07326957  072.62492210  23.07327870  072.62491107
111  23.07326957  072.62492210
112  23.07326957  072.62492210  23.07327149  072.62491978 51 101
112  23.07327546  072.62491516  23.07327747  072.62491286
111  23.07327546  072.62491516
112  23.07327546  072.62491516  23.07339223  072.62478096 51 101
111  23.07352655  072.62482163
111  23.07404967  072.62524312 51 101
111  23.07402458  072.62527201 51 101
112  23.07392430  072.62557368  23.07380827  072.62570465
111  23.07392430  072.62557368
112  23.07392430  072.62557368  23.07391796  072.62558084 51 101
112  23.07390491  072.62559389  23.07389833  072.62560022
111  23.07390491  072.62559389
112  23.07390491  072.62559389  23.07389500  072.62560343 101
112  23.07387920  072.62561595  23.07386894  072.62562376
111  23.07387920  072.62561595
112  23.07387920  072.62561595  23.07377153  072.62569782 51 101
111  23.07364617  072.62569315 51 101
112  23.07371398  072.62543851  23.07377588  072.62532764
111  23.07371398  072.62543851
112  23.07371398  072.62543851  23.07372060  072.62542667 101
112  23.07373331  072.62541338  23.07374132  072.62540230
111  23.07373331  072.62541338
112  23.07373331  072.62541338  23.07374163  072.62540187 51 101
112  23.07376119  072.62537902  23.07377116  072.62536877
111  23.07376119  072.62537902
112  23.07376119  072.62537902  23.07387053  072.62526665 51 101
111  23.07402458  072.62527201
111  23.07449659  072.62576147 51 101
111  23.07448523  072.62577458 51 101
112  23.07438100  072.62607461  23.07426944  072.62620315
111  23.07438100  072.62607461
112  23.07438100  072.62607461  23.07437704  072.62607917 51 101
112  23.07436896  072.62608777  23.07436489  072.62609199
111  23.07436896  072.62608777
112  23.07436896  072.62608777  23.07435921  072.62609787 101
112  23.07434452  072.62611094  23.07433433  072.62611918
111  23.07434452  072.62611094
112  23.07434452  072.62611094  23.07423910  072.62619627 51 101
111  23.07411110  072.62619178 51 101
112  23.07417704  072.62592632  23.07425036  072.62580878
111  23.07417704  072.62592632
112  23.07417704  072.62592632  23.07418404  072.62591510 101
112  23.07419772  072.62590131  23.07420632  072.62589064
111  23.07419772  072.62590131
112  23.07419772  072.62590131  23.07419937  072.62589926 51 101
112  23.07420276  072.62589528  23.07420446  072.62589326
111  23.07420276  072.62589528
112  23.07420276  072.62589528  23.07430688  072.62577239 51 101
111  23.07448523  072.62577458
111  23.07504076  072.62624032 51 101
111  23.07482456  072.62648313 51 101
112  23.07477775  072.62665670  23.07470673  072.62673436
111  23.07477775  072.62665670
112  23.07477775  072.62665670  23.07477410  072.62666069 51 101
112  23.07476511  072.62666986  23.07476133  072.62667340
111  23.07476511  072.62666986
112  23.07476511  072.62666986  23.07475478  072.62667954 101
112  23.07474054  072.62668920  23.07472969  072.62669589
111  23.07474054  072.62668920
112  23.07474054  072.62668920  23.07467808  072.62672774 51 101
111  23.07460709  072.62672453 51 101
112  23.07463580  072.62657607  23.07468023  072.62650130
111  23.07463580  072.62657607
112  23.07463580  072.62657607  23.07464233  072.62656509 101
112  23.07465704  072.62654949  23.07466654  072.62653835
111  23.07465704  072.62654949
112  23.07465704  072.62654949  23.07465839  072.62654790 51 101
112  23.07466120  072.62654473  23.07466262  072.62654315
111  23.07466120  072.62654473
112  23.07466120  072.62654473  23.07474040  072.62645631 51 101
111  23.07482456  072.62648313
111  23.07544910  072.62668562 51 101
111  23.07529660  072.62686933 51 101
112  23.07509741  072.62696115  23.07501485  072.62705735
111  23.07509741  072.62696115
112  23.07509741  072.62696115  23.07509661  072.62696207 51 101
112  23.07509505  072.62696392  23.07509428  072.62696485
111  23.07509505  072.62696392
112  23.07509505  072.62696392  23.07508594  072.62697478 101
112  23.07507491  072.62698997  23.07506770  072.62700102
111  23.07507491  072.62698997
112  23.07507491  072.62698997  23.07502788  072.62706196 51 101
112  23.07501302  072.62716097  23.07501140  072.62718116
111  23.07501302  072.62716097
112  23.07501302  072.62716097  23.07501286  072.62716298 51 101
112  23.07518546  072.62710861  23.07526114  072.62705802
111  23.07518546  072.62710861
112  23.07518546  072.62710861  23.07519642  072.62710129 101
112  23.07520885  072.62708791  23.07521896  072.62707827
111  23.07520885  072.62708791
112  23.07520885  072.62708791  23.07520954  072.62708725 51 101
112  23.07521092  072.62708591  23.07521160  072.62708524
111  23.07521092  072.62708591
112  23.07521092  072.62708591  23.07529142  072.62701041 51 101
115  23.07529660  072.62686933
120 Linear Feature 1
111  23.08298911  072.64087529 1 101
112  23.08300655  072.64098804  23.08300755  072.64106603
111  23.08300655  072.64098804
112  23.08300655  072.64098804  23.08300436  072.64108943 1 101
112  23.08298469  072.64131021  23.08300036  072.64143890
111  23.08298469  072.64131021
112  23.08298469  072.64131021  23.08304432  072.64151199 1 101
112  23.08334952  072.64146049  23.08345931  072.64141319
111  23.08334952  072.64146049
112  23.08334952  072.64146049  23.08345894  072.64140716 1 101
111  23.08344455  072.64121139 1 101
112  23.08330092  072.64105969  23.08318029  072.64100649
111  23.08330092  072.64105969
112  23.08330092  072.64105969  23.08311977  072.64099156 1 101
115  23.08311310  072.64073467
21  23.08548207  072.64410062 2 225.5300 3.00 New Light Fixture 1
21  23.06903689  072.62497047 2 44.1800 3.00 New Light Fixture 1
21  23.06745193  072.62282523 6 135.9600 3.00 WigWag
21  23.06631208  072.62169599 6 134.7600 3.00 WigWag
21  23.06677551  072.62203713 6 136.0300 3.00 WigWag
21  23.06788116  072.62335651 6 133.5900 3.00 WigWag
21  23.07665363  072.63277725 6 75.3400 3.00 WigWag
21  23.07721639  072.63256522 6 75.3400 3.00 WigWag
21  23.07120380  072.62708914 6 77.7100 3.00 WigWag
21  23.07194894  072.62706317 6 77.7100 3.00 WigWag
20  23.07513552  072.62867176 133.3200 0 1 {@Y,^l}P{@L}H{@Y}P{^r}
20  23.07159097  072.62525056 131.8700 0 1 {@Y,^l}P{^lu}C{@L}G{@Y}P{^r}
20  23.07201763  072.62699069 224.6300 0 1 {@L}P{@Y}G{^r}
20  23.07148662  072.62517015 42.3000 0 1 {@Y,^l}G{@L}P{@Y}P{^u}C{^ru}
20  23.07201940  072.62492367 315.2100 0 1 {@Y}APRON{^ru}
20  23.06776443  072.62108869 133.3000 0 1 {@Y,^l}P{@L}A
20  23.06912004  072.62199058 133.7100 0 1 {@L}B{@Y,^l}P{^r}
20  23.07735546  072.63287832 74.7400 0 1 {@Y}1794M{^r}
20  23.07659766  072.63252537 75.3200 0 1 {@R}23-05{@L}D
20  23.07128974  072.62702178 260.3500 0 1 {@L}C{safety}
20  23.07128739  072.62695769 78.2100 0 1 {@L}C{@R}23-05
20  23.07726351  072.63246880 75.3200 0 1 {@L}D{@R}23-05
20  23.07668668  072.63084708 46.5300 0 1 {@L}P1
20  23.07433251  072.62818399 44.3400 0 1 {@Y,^l}H{@L}P{@Y}P{^u}D{^ru}
20  23.06770702  072.62357196 134.3100 0 1 {@Y,^l}3319M
20  23.06636614  072.62159467 313.8200 0 1 {@L}A{safety}
20  23.06599703  072.62302597 133.0100 0 1 {@Y,^u}KM{^r}
20  23.06860083  072.62328038 218.3500 0 1 {@L}P{@Y,^l}B{^r}
20  23.07118917  072.62735045 45.7400 0 1 {@Y,^ld}C
20  23.07660280  072.63308711 42.4000 0 1 {@Y,^ld}D
20  23.07661914  072.63263978 255.3300 0 1 {@L}D{safety}
20  23.07825346  072.63486948 223.8700 0 1 {@Y}D{^ru}
20  23.06797986  072.62325947 134.1700 0 1 {@L}B{@R}05-23
20  23.06685224  072.62204472 134.1700 0 1 {@L}A{@R}05-23
20  23.06642129  072.62155639 134.1700 0 1 {@R}05-23{@L}A
20  23.06750937  072.62274233 134.1700 0 1 {@R}05-23{@L}B
20  23.07289435  072.62916322 224.3500 0 1 {@Y}C{^ru}
20  23.06816974  072.62409798 224.1200 0 1 {@Y}B{^r}
20  23.06696711  072.62281837 241.0400 0 1 {@Y}A{^r}
20  23.06748266  072.62276411 315.0000 0 1 {@L}B{safety}
20  23.07539243  072.62833716 312.4500 0 1 {@Y,^lu}APRON
14  23.07023669  072.62138960  82.02 0 New Tower Viewpoint 4
1300  23.06264590  072.62424680 134.46 tie_down turboprops|props GA4
1301 A general_aviation 
1300  23.06293446  072.62453761 134.46 tie_down turboprops|props GA3
1301 A general_aviation 
1300  23.06317622  072.62481269 134.46 tie_down turboprops|props GA1
1301 A general_aviation 
1300  23.06305156  072.62469363 134.46 tie_down turboprops|props GA2
1301 A general_aviation 
1300  23.07410591  072.61592646  44.58 gate heavy|jets Gate 17
1301 D airline 
1300  23.07371872  072.61639521  44.58 gate heavy|jets Gate 16
1301 E airline 
1300  23.07566365  072.62646365 -45.12 gate heavy|jets Gate 36
1301 D airline 
1300  23.07526439  072.62599667 -45.12 gate heavy|jets Gate 35
1301 D airline 
1300  23.07478655  072.62545813 -43.74 gate heavy|jets Gate 34
1301 E airline 
1300  23.07432696  072.62494489 -44.91 gate heavy|jets Gate 33
1301 E airline 
1300  23.07387996  072.62444876 -43.62 gate heavy|jets Gate 32
1301 E airline 
1300  23.07345470  072.62394028 -45.32 gate heavy|jets Gate 31
1301 D airline 
1300  23.07024205  072.61870695  89.88 tie_down jets|turboprops Ramp 24
1301 B general_aviation 
1300  23.07055836  072.61834793  94.80 tie_down jets|turboprops Ramp 23
1301 B general_aviation 
1300  23.07089439  072.61801749  94.80 tie_down jets|turboprops Ramp 22
1301 B general_aviation 
1300  23.07192806  072.61605069 -137.08 gate heavy|jets|turboprops Ramp 21
1301 B airline 
1300  23.07213136  072.61582021 -137.08 gate heavy|jets|turboprops Ramp 20
1301 B airline 
1300  23.07253359  072.61538301 -137.08 gate heavy|jets|turboprops Ramp 19
1301 B airline 
1300  23.07273252  072.61513590 -137.08 gate heavy|jets|turboprops Ramp 18
1301 B airline 
1300  23.07325283  072.61691187  44.58 gate heavy|jets Gate 15
1301 E airline 
1300  23.07278379  072.61743195  44.58 gate heavy|jets Gate 14
1301 E cargo 
1300  23.07228643  072.61789386  44.58 gate heavy|jets Gate 13
1301 D cargo 
1300  23.07186775  072.61846184  44.58 gate heavy|jets Gate 12
1301 C airline 
1300  23.07158903  072.61874102  44.58 gate heavy|jets Gate 11
1301 C airline 
1300  23.07130266  072.61906892  44.58 gate heavy|jets Gate 10
1301 C airline 
1300  23.07104945  072.61937187  44.58 gate heavy|jets Gate 9
1301 C airline 
1300  23.07078075  072.61969858  44.58 gate heavy|jets Gate 8
1301 C airline 
1300  23.06986092  072.62010422  45.85 tie_down jets|turboprops|props Ramp 7
1301 B airline 
1300  23.06966418  072.62037794  44.83 tie_down jets|turboprops|props Ramp 6
1301 B airline 
1300  23.06954875  072.61923174 -134.79 tie_down jets|turboprops|props Ramp 4
1301 B airline 
1300  23.06938506  072.61939597 -134.79 tie_down jets|turboprops|props Ramp 3
1301 B airline 
1300  23.06924026  072.61957389 -134.79 tie_down jets|turboprops|props Ramp 2
1301 B airline 
1300  23.06909861  072.61975865 -134.79 tie_down jets|turboprops|props Ramp 1
1301 B airline 
18  23.06825068  072.62906086 1 New Airport Beacon 2
19  23.08888716  072.64493078 1 New Windsock 3
19  23.06832032  072.62675747 1 New Windsock 1
50 12680 ATIS
54 11810 TWR
56 11960 DEP (TWR)
55 11980 RDR
55 12375 RDR
55 11960 APP
55 11810 APP
99
