-2887.0 -7839.2 -2.6 291 0 11.4 20.8 10.5 3.5 2 1 3 0 0
-2524.0 -7971.0 -5.0 190 0 13.8 17.6 5.0 2.5 2 1 2 1 1
-2472.4 -8002.9 -5.1 11 0 12.8 17.1 7.5 2.5 2 1 3 5 5
-2645.6 -8076.1 -6.1 133 0 13.2 36.3 14.0 3.5 2 1 4 1 1
-2479.0 -7964.0 -5.1 282 0 34.2 19.4 10.0 0.0 0 0 4 5 5
-2531.5 -7999.8 -5.2 191 0 23.0 18.5 10.0 2.5 2 0 4 3 3
-3966.5 -8317.0 -9.7 72 0 21.3 17.2 10.0 0.0 0 0 4 4 4
-3310.0 -8082.4 -6.3 257 0 17.4 24.4 10.5 3.5 2 1 3 0 0
-2881.0 -7524.3 -4.2 112 0 13.5 27.7 10.5 3.5 4 1 3 3 3
-2504.9 -7950.6 -4.8 281 0 18.3 13.7 7.5 0.0 0 0 3 3 3
-2502.2 -8018.6 -5.0 102 0 14.6 24.9 12.5 2.5 2 1 5 4 4
-3321.7 -7898.1 -9.0 357 0 29.8 16.5 10.0 2.5 2 0 4 3 3
-3298.4 -8002.3 -8.3 359 0 23.6 25.5 7.5 0.0 0 1 3 4 4
-2860.5 -7845.0 -2.5 289 0 12.8 28.4 10.5 3.5 2 1 3 2 2
-2703.4 -8135.0 -5.7 64 0 16.9 24.3 7.5 2.5 2 1 3 4 4
-3372.7 -8111.7 -7.4 245 0 31.2 17.6 10.5 3.5 4 0 3 0 0
-2671.6 -8252.4 -5.2 350 0 11.6 11.6 2.5 2.5 2 1 1 5 5
-2914.3 -7912.0 -2.4 106 0 18.1 20.3 10.5 3.5 2 1 3 5 5
-3166.7 -7757.0 -6.5 168 0 11.2 91.0 12.5 2.5 2 1 5 0 0
