1054.7 12515.4 -14.4 272 0 13.2 9.9 7.5 2.5 2 0 3 1 1
1035.3 12390.2 -14.3 301 0 8.4 9.6 7.5 2.5 2 1 3 4 4
1030.8 12375.7 -14.0 30 0 6.0 11.3 5.0 2.5 2 1 2 3 3
967.7 12131.3 -0.4 101 0 14.0 10.9 2.5 0.0 0 0 1 1 1
942.0 12176.9 1.2 170 0 10.0 8.4 5.0 2.5 2 0 2 3 3
983.8 12202.8 -2.7 196 0 9.4 9.0 7.5 2.5 2 0 3 1 1
1036.4 12189.0 -2.9 90 0 7.5 8.9 2.5 2.5 2 1 1 2 2
1109.9 12349.9 -14.9 188 0 11.7 14.0 7.5 2.5 2 1 3 3 3
1098.5 12191.0 -4.7 278 0 8.8 10.3 5.0 2.5 2 1 2 1 1
1152.8 12192.1 -7.1 284 0 9.8 10.4 5.0 2.5 2 1 2 0 0
1727.5 12369.4 -25.2 277 0 11.5 14.2 10.0 0.0 0 1 4 3 3
1658.3 12409.2 -23.1 193 0 11.5 17.3 5.0 2.5 2 1 2 4 4
1642.3 12291.0 -24.0 112 0 10.6 9.5 5.0 2.5 2 0 2 0 0
1425.3 12143.4 -13.7 90 0 6.8 10.7 7.5 2.5 2 1 3 0 0
1503.4 12186.4 -18.4 96 0 11.1 11.4 2.5 0.0 0 1 1 5 5
1324.9 12232.6 -14.7 283 0 14.2 9.8 5.0 0.0 0 0 2 4 4
1319.7 12139.7 -9.7 297 0 12.2 9.9 7.5 2.5 2 0 3 0 0
1315.3 12070.4 -11.4 12 0 10.0 10.2 10.0 2.5 2 1 4 0 0
1323.9 12002.4 -17.1 185 0 9.3 16.9 7.5 2.5 2 1 3 1 1
1438.1 11968.0 -15.3 354 0 8.8 7.9 2.5 2.5 2 0 1 1 1
1447.6 11501.3 -18.4 105 0 13.6 9.9 7.5 2.5 2 0 3 3 3
1576.4 11469.3 -15.5 268 0 6.4 8.6 7.5 2.5 2 1 3 3 3
1612.5 11416.6 -14.4 68 0 8.1 10.9 7.5 2.5 2 1 3 3 3
1592.9 11433.2 -15.0 102 0 8.4 14.4 7.5 2.5 2 1 3 1 1
1239.5 11593.2 -20.4 89 0 9.6 10.3 2.5 2.5 2 1 1 3 3
