6269.9 -4937.0 -5.0 71 0 11.5 12.3 7.5 2.5 2 1 3 5 5
6235.5 -4863.1 -2.5 162 0 10.1 13.7 5.0 2.5 2 1 2 4 4
6232.3 -4843.1 -2.1 250 0 11.5 12.3 7.5 2.5 2 1 3 4 4
6247.1 -4897.5 -3.7 162 0 10.1 13.8 2.5 2.5 2 1 1 1 1
6252.0 -4836.6 -1.4 250 0 11.5 12.3 7.5 2.5 2 1 3 1 1
6275.4 -4873.9 -2.6 340 0 10.1 13.8 5.0 2.5 2 1 2 2 2
6283.1 -4834.1 -0.8 340 0 10.1 13.8 5.0 2.5 2 1 2 1 1
4520.5 -5818.5 -0.9 104 0 53.7 8.2 10.5 3.5 2 0 3 4 4
4666.3 -5868.5 -2.5 267 0 20.7 16.8 10.5 0.0 0 0 3 4 4
4561.4 -5925.0 -2.2 16 0 8.6 33.2 10.5 3.5 2 1 3 0 0
4763.4 -6263.5 -9.0 145 0 13.5 24.2 10.0 2.5 2 1 4 4 4
