-3276.1 -10065.2 2.5 67 0 11.5 9.4 7.5 2.5 2 0 3 1 1
-3092.7 -9699.5 4.0 253 0 10.4 5.6 7.5 2.5 2 0 3 4 4
-3062.7 -9685.9 5.3 256 0 7.5 8.8 5.0 2.5 2 1 2 3 3
-3143.3 -9744.7 4.9 2 0 21.9 10.0 7.5 2.5 2 0 3 1 1
-3170.0 -9739.3 5.3 79 0 12.7 26.0 10.0 0.0 0 1 4 3 3
-3236.5 -9761.9 8.9 264 0 10.5 8.3 2.5 2.5 2 0 1 1 1
-3262.9 -9734.4 9.0 112 0 8.3 7.7 7.5 2.5 2 0 3 2 2
-3310.7 -9739.7 11.1 275 0 13.8 9.5 5.0 2.5 2 0 2 3 3
-3324.5 -9840.5 13.8 99 0 13.9 11.6 5.0 2.5 2 0 2 1 1
-3506.7 -9813.8 1.9 79 0 13.2 10.9 10.0 0.0 0 0 4 0 0
-3492.0 -9780.1 1.8 343 0 10.7 8.7 5.0 2.5 2 0 2 3 3
-3552.0 -9727.1 -3.3 70 0 10.4 9.3 5.0 2.5 2 0 2 4 4
-3383.8 -9553.5 8.5 171 0 10.3 16.7 10.0 2.5 2 1 4 0 0
-3370.0 -9482.0 6.8 258 0 15.8 10.3 2.5 0.0 0 0 1 0 0
-3528.9 -9623.7 -4.8 349 0 11.6 9.7 5.0 2.5 4 0 2 5 5
-3579.2 -9625.1 -4.0 159 0 9.5 11.3 2.5 2.5 2 1 1 4 4
-3603.7 -9603.5 -0.7 261 0 7.2 10.1 5.0 2.5 2 1 2 0 0
-3711.5 -9517.6 2.3 80 0 11.3 5.1 5.0 2.5 2 0 2 0 0
-3727.5 -9583.4 4.1 12 0 11.9 11.7 10.0 2.5 2 0 4 1 1
-3802.2 -9593.2 0.3 251 0 14.2 13.0 7.5 2.5 2 0 3 1 1
-3812.6 -9477.8 0.8 88 0 15.6 12.2 7.5 2.5 2 0 3 3 3
-3904.8 -9551.0 1.2 82 0 13.5 10.2 7.5 2.5 2 0 3 3 3
4158.7 -12649.8 -35.6 195 0 8.8 14.8 7.5 2.5 2 0 3 3 3
4184.9 -12672.4 -36.2 103 0 7.0 11.2 2.5 0.0 0 1 1 1 1
