-3070.0 10852.5 -10.2 76 0 13.9 26.2 5.0 2.5 2 1 2 2 2
-3023.2 10864.9 -9.9 81 0 21.8 21.5 2.5 2.5 2 0 1 5 5
-3058.7 10858.9 -10.1 77 0 9.5 21.2 5.0 2.5 2 0 2 4 4
-3044.3 10862.0 -10.1 79 0 19.6 21.2 5.0 2.5 2 0 2 4 4
-3029.2 10846.9 -8.9 255 0 11.4 18.2 2.5 0.0 0 1 1 1 1
-2989.1 10836.6 -8.2 253 0 10.9 11.4 7.5 2.5 2 1 3 1 1
-2806.3 10919.7 -12.0 176 0 16.7 13.6 5.0 2.5 2 0 2 2 2
-2756.3 10810.2 -8.4 264 0 17.3 18.8 5.0 2.5 2 1 2 1 1
-2646.2 11009.9 -15.9 263 0 11.5 22.7 5.0 2.5 2 1 2 4 4
-2713.7 10857.5 -10.7 176 0 17.8 21.5 12.5 2.5 2 1 5 4 4
-2703.6 10833.9 -9.9 175 0 13.7 18.4 10.0 2.5 2 1 4 0 0
-2670.2 10797.1 -9.0 80 0 25.8 10.5 7.5 2.5 2 0 3 4 4
-2667.8 10784.8 -8.7 79 0 26.3 12.6 7.5 2.5 2 0 3 2 2
-3091.0 10933.9 -12.7 66 0 7.7 30.2 7.5 2.5 2 1 3 3 3
-3113.2 10949.9 -13.0 164 0 32.3 7.3 7.5 2.5 2 0 3 0 0
-3092.2 10927.5 -11.8 250 0 8.7 25.1 5.0 2.5 2 1 2 0 0
-3183.1 10648.4 -5.6 182 0 14.3 15.8 5.0 2.5 2 1 2 2 2
-3113.9 10614.7 -3.8 259 0 11.0 22.9 15.0 0.0 0 1 6 2 2
