3495.9 -2930.1 -32.9 171 0 8.1 13.7 2.5 0.0 0 1 1 5 5
3527.3 -2916.0 -32.9 356 0 12.9 14.5 5.0 2.5 2 1 2 3 3
3465.0 -2980.9 -35.7 355 0 8.4 12.6 7.5 2.5 2 1 3 0 0
3403.0 -2977.4 -36.1 98 0 12.4 10.5 2.5 2.5 2 0 1 1 1
3065.9 -3252.2 -25.7 324 0 9.9 9.4 7.5 2.5 2 0 3 0 0
3053.6 -3391.9 -7.9 67 0 13.4 10.3 5.0 2.5 2 0 2 0 0
3031.0 -3309.6 -21.4 89 0 16.3 10.7 5.0 2.5 2 0 2 2 2
3176.2 -3499.4 -17.5 115 0 9.0 10.6 7.5 0.0 0 1 3 3 3
3252.3 -3587.9 -25.1 97 0 9.2 10.6 5.0 2.5 2 1 2 0 0
3273.0 -3864.7 -29.5 101 0 10.7 10.0 5.0 2.5 2 0 2 0 0
3378.8 -3908.0 -25.3 105 0 12.8 11.5 10.0 2.5 2 0 4 1 1
3478.2 -4110.0 -25.1 276 0 12.6 9.1 2.5 0.0 0 0 1 4 4
3471.3 -4086.1 -21.7 96 0 8.6 4.9 5.0 0.0 0 0 2 1 1
3454.6 -4055.5 -22.3 22 0 6.4 7.9 7.5 2.5 2 1 3 3 3
3440.4 -3990.1 -22.8 186 0 9.1 15.7 7.5 2.5 2 1 3 3 3
3937.8 -3871.3 -38.9 354 0 9.8 10.8 7.5 2.5 2 1 3 2 2
3844.2 -3884.4 -35.3 284 0 9.8 8.6 2.5 2.5 2 0 1 5 5
3785.1 -3802.9 -37.6 252 0 9.6 6.7 7.5 2.5 2 0 3 5 5
3976.8 -3539.5 -48.6 1 0 9.3 15.5 7.5 2.5 2 1 3 5 5
3927.6 -3521.2 -48.2 282 0 13.9 9.1 7.5 2.5 2 0 3 4 4
3927.4 -3550.4 -48.7 99 0 10.1 9.1 7.5 2.5 2 0 3 3 3
3451.8 -3399.1 -27.1 340 0 10.2 9.1 2.5 2.5 2 0 1 4 4
3521.0 -3510.0 -41.0 162 0 8.8 13.0 7.5 2.5 2 1 3 5 5
3569.7 -3649.8 -45.5 16 0 6.2 10.1 5.0 2.5 2 1 2 5 5
3576.4 -3607.1 -44.6 354 0 6.7 10.9 5.0 2.5 2 1 2 1 1
3508.9 -3666.0 -44.5 141 0 9.8 10.7 7.5 2.5 4 1 3 3 3
3544.6 -3611.6 -44.2 301 0 13.1 9.8 5.0 2.5 2 0 2 5 5
3481.3 -3773.8 -41.6 193 0 11.1 16.2 10.0 2.5 4 1 4 0 0
3557.6 -3913.9 -32.2 165 0 7.2 13.9 5.0 2.5 2 1 2 3 3
3534.9 -3835.0 -38.4 15 0 10.7 12.0 5.0 2.5 2 1 2 4 4
3684.0 -3804.1 -38.5 338 0 14.5 9.0 5.0 2.5 2 0 2 3 3
3674.9 -3775.3 -39.9 351 0 10.8 25.2 7.5 2.5 2 1 3 2 2
3581.8 -3965.6 -27.3 76 0 11.3 8.8 5.0 2.5 2 0 2 0 0
3571.5 -4017.5 -23.3 76 0 7.2 10.5 2.5 2.5 2 1 1 5 5
3435.2 -4770.2 -40.8 89 0 11.1 17.9 7.5 2.5 4 1 3 2 2
3421.1 -4788.7 -41.6 247 0 10.8 12.2 2.5 2.5 4 1 1 1 1
3812.6 -4352.2 -42.2 70 0 12.9 10.6 7.5 2.5 2 0 3 3 3
3409.2 -4330.4 -35.3 87 0 10.8 10.0 7.5 0.0 0 0 3 3 3
3475.8 -4565.4 -30.5 74 0 12.0 9.4 2.5 2.5 2 0 1 1 1
3414.7 -4416.1 -33.4 302 0 17.7 8.5 7.5 2.5 2 0 3 2 2
3372.2 -4492.6 -29.6 86 0 12.9 9.3 5.0 0.0 0 0 2 0 0
3183.5 -4866.2 -36.5 65 0 6.6 8.7 5.0 0.0 0 1 2 5 5
3194.8 -4796.3 -34.6 247 0 15.1 9.6 7.5 2.5 2 0 3 2 2
3139.5 -4709.9 -30.9 85 0 12.1 9.6 2.5 2.5 2 0 1 4 4
2827.9 -4337.4 -4.8 203 0 9.6 8.3 5.0 2.5 4 0 2 5 5
2642.8 -4135.4 -5.7 73 0 11.7 10.0 2.5 2.5 2 0 1 2 2
2626.4 -4060.2 -11.0 107 0 9.8 10.2 7.5 2.5 2 1 3 0 0
3114.7 -4062.3 -21.3 359 0 9.9 10.9 5.0 2.5 2 1 2 3 3
3112.1 -4089.9 -20.4 358 0 10.0 11.0 5.0 2.5 4 1 2 2 2
3165.6 -4432.8 -23.1 257 0 14.1 9.8 7.5 2.5 4 0 3 1 1
3236.0 -4249.1 -30.7 95 0 10.0 9.8 5.0 2.5 2 0 2 0 0
3675.0 -4259.7 -36.8 13 0 8.1 15.7 5.0 0.0 0 1 2 3 3
3598.4 -4271.1 -37.7 97 0 5.9 8.8 7.5 2.5 2 1 3 0 0
3356.8 -4115.6 -23.8 89 0 12.1 10.4 2.5 2.5 2 0 1 5 5
3304.0 -4197.4 -27.8 99 0 11.3 9.2 2.5 2.5 2 0 1 1 1
3252.5 -4172.7 -24.0 276 0 8.6 9.4 5.0 0.0 0 1 2 5 5
3284.8 -4139.9 -24.2 72 0 14.7 9.7 7.5 2.5 2 0 3 5 5
3214.0 -4119.4 -22.3 359 0 11.5 12.2 7.5 2.5 2 1 3 4 4
3183.4 -4154.4 -22.9 278 0 13.6 10.8 5.0 2.5 2 0 2 0 0
3078.0 -4137.0 -21.5 280 0 5.2 8.7 7.5 2.5 2 1 3 0 0
2887.2 -3847.1 -29.6 284 0 13.3 9.7 2.5 2.5 2 0 1 2 2
2869.0 -3870.4 -29.5 106 0 9.2 9.3 7.5 2.5 2 1 3 1 1
2879.9 -3870.5 -28.1 113 0 8.6 10.4 5.0 0.0 0 1 2 1 1
2889.7 -3996.7 -16.9 82 0 13.0 9.7 7.5 2.5 2 0 3 4 4
2791.2 -3880.3 -28.0 89 0 11.1 10.3 2.5 2.5 2 0 1 1 1
2775.8 -3839.6 -31.4 343 0 8.2 9.1 5.0 2.5 2 1 2 0 0
2764.1 -3822.8 -32.6 348 0 8.7 13.5 2.5 0.0 0 1 1 4 4
2687.7 -3290.5 -27.1 258 0 13.4 11.1 7.5 2.5 2 0 3 1 1
2738.3 -3314.1 -28.8 349 0 8.8 16.2 7.5 2.5 2 1 3 4 4
2709.3 -3425.2 -24.5 85 0 19.8 10.8 5.0 0.0 0 0 2 1 1
2864.6 -3420.1 -21.8 164 0 9.3 16.8 7.5 2.5 2 1 3 1 1
2836.7 -3491.1 -17.2 254 0 18.8 10.3 5.0 2.5 2 0 2 2 2
2785.8 -3622.4 -10.2 98 0 14.6 9.7 7.5 2.5 4 0 3 1 1
2699.2 -3490.7 -25.0 15 0 9.2 8.5 5.0 2.5 2 0 2 4 4
2650.6 -3548.2 -21.1 188 0 11.2 10.4 7.5 2.5 2 0 3 0 0
2538.4 -3615.0 -19.9 70 0 13.0 11.3 5.0 2.5 2 0 2 2 2
2471.7 -3639.4 -26.2 78 0 12.2 14.1 5.0 2.5 2 1 2 1 1
2454.0 -3644.1 -25.9 74 0 17.3 10.5 5.0 2.5 2 0 2 1 1
2408.2 -3851.8 -25.1 292 0 13.4 10.2 5.0 2.5 2 0 2 4 4
2349.8 -3766.9 -24.7 264 0 6.2 9.9 7.5 2.5 2 1 3 2 2
2364.7 -3778.9 -25.0 359 0 13.4 8.3 5.0 2.5 2 0 2 1 1
2524.7 -4138.7 -10.2 77 0 6.4 12.6 7.5 2.5 2 1 3 0 0
2513.1 -4089.0 -15.5 354 0 10.9 10.0 5.0 2.5 2 0 2 5 5
2589.6 -4132.5 -7.6 256 0 9.8 9.4 7.5 2.5 4 0 3 0 0
2424.0 -4174.2 -13.7 89 0 7.9 10.0 5.0 2.5 2 1 2 1 1
2327.8 -4116.4 -15.1 205 0 9.4 9.9 5.0 0.0 0 1 2 0 0
2318.0 -4141.6 -14.3 202 0 6.2 6.2 7.5 2.5 2 1 3 2 2
2269.1 -4111.5 -14.8 111 0 15.8 9.1 5.0 2.5 4 0 2 1 1
5140.1 -6825.7 -35.4 200 0 11.2 16.6 2.5 2.5 2 1 1 4 4
5169.6 -6843.6 -38.2 103 0 12.4 8.1 5.0 2.5 2 0 2 2 2
5397.7 -6755.3 -48.5 302 0 9.3 8.6 7.5 2.5 2 0 3 0 0
5344.3 -6854.6 -45.7 130 0 13.3 13.4 10.0 2.5 2 1 4 1 1
792.8 -8785.7 40.4 78 0 9.6 10.0 7.5 2.5 2 1 3 2 2
4872.9 -7634.1 -37.8 92 0 11.2 11.2 7.5 0.0 0 1 3 0 0
5001.4 -7599.6 -31.7 97 0 10.5 10.1 5.0 2.5 2 0 2 1 1
4940.2 -7557.3 -38.3 158 0 10.1 8.8 7.5 2.5 2 0 3 5 5
5002.0 -7506.6 -34.2 80 0 8.5 15.2 7.5 0.0 0 1 3 3 3
4942.5 -7346.0 -44.0 336 0 9.6 11.1 7.5 2.5 4 1 3 4 4
5364.9 -6674.6 -46.0 133 0 17.3 10.2 5.0 2.5 2 0 2 0 0
5346.2 -6739.9 -47.3 295 0 8.0 26.7 7.5 2.5 2 1 3 5 5
5193.8 -6844.7 -41.2 57 0 15.4 9.8 7.5 2.5 2 0 3 0 0
5171.8 -6983.8 -42.7 137 0 16.1 14.0 7.5 2.5 2 0 3 3 3
5466.8 -6969.7 -29.1 76 0 11.0 10.1 5.0 2.5 2 0 2 3 3
5408.7 -7063.9 -27.5 270 0 5.3 8.5 5.0 2.5 2 1 2 2 2
5429.4 -7199.7 -30.3 327 0 14.0 21.8 12.5 2.5 2 1 5 4 4
5382.2 -7169.3 -27.6 167 0 17.3 8.2 5.0 2.5 2 0 2 4 4
5377.0 -7153.1 -27.3 175 0 9.6 12.3 7.5 2.5 2 0 3 0 0
5377.0 -7126.7 -27.1 183 0 7.8 10.9 5.0 2.5 2 1 2 3 3
5395.1 -7098.5 -27.0 23 0 9.2 9.3 5.0 2.5 2 1 2 4 4
5309.6 -7118.4 -32.2 25 0 12.0 9.8 7.5 2.5 2 0 3 1 1
5296.5 -7130.9 -34.0 340 0 10.3 9.4 7.5 2.5 4 0 3 4 4
5088.8 -7097.7 -39.4 334 0 10.7 14.9 10.0 0.0 0 1 4 0 0
