-4719.2 -2961.7 -8.8 186 0 45.0 52.8 5.0 0.0 0 1 2 5 5
3266.5 -399.3 -4.1 336 0 7.4 8.5 7.5 2.5 2 1 3 4 4
3473.4 -733.9 -4.8 338 0 20.1 9.2 7.5 2.5 2 0 3 2 2
3210.9 -560.4 -4.4 170 0 3.1 11.5 2.5 2.5 2 1 1 2 2
3242.0 -669.3 -4.1 184 0 8.1 9.0 5.0 2.5 2 1 2 5 5
3290.0 -742.0 -4.0 67 0 12.7 20.4 7.5 2.5 2 1 3 3 3
3339.0 -743.5 -4.2 75 0 3.7 11.7 5.0 2.5 2 1 2 2 2
3288.1 -501.8 -4.9 1 0 13.3 13.4 2.5 2.5 2 1 1 2 2
3397.4 -723.6 -4.5 243 0 4.8 15.1 7.5 2.5 2 1 3 2 2
3221.4 -694.7 -3.9 166 0 19.2 12.1 7.5 2.5 2 0 3 1 1
3235.5 -629.2 -4.2 182 0 9.5 13.7 7.5 0.0 0 1 3 0 0
3239.2 -341.7 -3.7 246 0 14.4 23.9 15.0 0.0 0 1 6 5 5
3241.3 -692.1 -4.0 176 0 21.7 9.8 2.5 0.0 0 0 1 1 1
3346.4 -600.6 -4.8 340 0 4.5 7.6 5.0 0.0 0 1 2 2 2
3285.3 -697.2 -4.1 96 0 12.4 4.3 5.0 2.5 2 0 2 0 0
3260.8 -746.6 -3.9 154 0 14.6 16.0 2.5 2.5 2 1 1 5 5
3268.4 -337.1 -4.0 250 0 10.2 40.6 10.0 2.5 2 1 4 4 4
3307.7 -607.7 -4.6 10 0 3.9 9.4 7.5 2.5 4 1 3 5 5
3198.1 -581.8 -4.3 172 0 10.4 3.8 7.5 0.0 0 0 3 1 1
3447.3 -753.1 -4.7 55 0 6.9 11.9 5.0 2.5 2 1 2 1 1
3538.1 -699.9 -5.3 93 0 3.5 9.8 5.0 2.5 2 1 2 1 1
3204.7 -622.9 -4.1 194 0 8.5 11.6 5.0 2.5 2 1 2 5 5
3268.6 -679.1 -4.2 179 0 11.1 22.2 2.5 2.5 2 1 1 3 3
3290.1 -459.8 -4.7 254 0 12.9 5.6 7.5 2.5 2 0 3 2 2
3249.6 -440.1 -4.2 341 0 7.2 4.5 5.0 2.5 2 0 2 5 5
3366.1 -638.8 -4.8 357 0 5.1 6.3 5.0 2.5 2 1 2 4 4
3567.8 -696.0 -5.5 5 0 10.2 6.1 7.5 2.5 4 0 3 4 4
3308.0 -581.0 -4.8 359 0 6.5 13.7 5.0 2.5 2 1 2 4 4
3303.3 -735.7 -4.0 69 0 7.5 10.8 7.5 2.5 2 1 3 2 2
3387.8 -691.6 -4.6 340 0 8.4 8.0 5.0 2.5 4 0 2 0 0
3261.8 -700.7 -4.1 83 0 8.8 18.8 5.0 0.0 0 1 2 1 1
3297.2 -469.7 -4.7 353 0 3.3 10.6 5.0 0.0 0 1 2 2 2
3307.4 -587.1 -4.7 0 0 3.3 12.9 5.0 2.5 4 1 2 1 1
3453.8 -716.3 -4.8 330 0 11.0 8.2 7.5 0.0 0 0 3 2 2
3249.9 -727.9 -3.8 74 0 7.5 13.2 7.5 2.5 2 1 3 1 1
3089.0 -316.4 -2.3 188 0 10.1 3.1 7.5 2.5 2 0 3 2 2
3122.1 -394.8 -3.1 179 0 7.6 11.6 5.0 2.5 2 1 2 0 0
3171.0 -352.5 -3.1 353 0 10.1 11.6 5.0 2.5 2 1 2 5 5
3089.5 -354.8 -2.6 163 0 10.6 9.0 2.5 2.5 2 0 1 4 4
3176.4 -310.4 -2.9 357 0 11.8 10.4 2.5 0.0 0 0 1 1 1
3128.9 -213.4 -2.0 282 0 3.6 11.2 5.0 0.0 0 1 2 2 2
3125.7 -514.7 -3.9 91 0 12.6 10.0 5.0 0.0 0 0 2 0 0
3112.4 -464.2 -3.5 180 0 10.3 12.0 5.0 2.5 2 1 2 0 0
3230.6 -424.6 -4.0 359 0 6.8 7.1 7.5 2.5 2 1 3 4 4
3151.2 -447.6 -3.6 180 0 6.6 10.1 5.0 2.5 4 1 2 2 2
3151.4 -406.2 -3.4 172 0 8.5 4.0 5.0 2.5 2 0 2 5 5
3136.8 -413.7 -3.4 168 0 19.1 11.5 10.0 2.5 2 0 4 1 1
3109.1 -483.2 -3.6 190 0 11.1 4.6 5.0 2.5 2 0 2 5 5
3176.3 -393.9 -3.5 263 0 4.4 7.6 7.5 2.5 2 1 3 3 3
3061.8 -383.6 -2.6 251 0 4.1 12.2 5.0 2.5 2 1 2 0 0
3124.2 -431.4 -3.4 178 0 9.9 12.5 5.0 2.5 2 1 2 0 0
2838.9 -1220.1 0.4 154 0 11.3 11.9 5.0 0.0 0 1 2 4 4
3366.8 -759.9 -4.2 74 0 7.5 12.2 7.5 2.5 2 1 3 2 2
3340.2 -759.1 -4.2 159 0 18.6 15.8 10.0 2.5 2 0 4 3 3
3394.2 -783.7 -4.3 73 0 5.5 21.7 2.5 2.5 2 1 1 3 3
3360.4 -833.3 -3.9 168 0 6.6 8.3 7.5 2.5 2 1 3 3 3
3415.2 -721.6 -4.6 242 0 3.2 13.1 2.5 2.5 2 1 1 2 2
3396.4 -698.6 -4.6 247 0 4.6 12.0 7.5 2.5 2 1 3 1 1
3375.0 -749.0 -4.3 65 0 5.8 9.4 5.0 0.0 0 1 2 0 0
3359.9 -709.0 -4.4 337 0 6.4 14.7 7.5 2.5 2 1 3 2 2
3377.2 -622.2 -5.0 351 0 35.5 10.1 7.5 2.5 2 0 3 3 3
3458.0 -673.2 -5.1 254 0 12.8 8.1 5.0 2.5 2 0 2 0 0
3411.2 -722.8 -4.6 242 0 3.2 12.4 2.5 2.5 2 1 1 0 0
3356.7 -702.0 -4.4 336 0 3.5 12.0 5.0 0.0 0 1 2 3 3
-5398.2 9335.9 3.9 358 0 13.2 21.2 7.5 2.5 4 1 3 3 3
-5236.2 -12091.6 -23.2 123 0 7.8 14.5 7.5 2.5 2 1 3 0 0
5266.0 -6581.7 -18.6 90 0 13.2 21.8 7.5 0.0 0 1 3 4 4
