-3312.9 8738.6 -3.3 131 0 43.9 10.2 17.5 3.5 2 0 5 4 4
-3828.4 8993.4 -0.6 346 0 16.5 30.6 17.5 3.5 2 1 5 1 1
-3320.3 8645.1 -3.7 127 0 15.8 32.6 10.0 2.5 2 1 4 2 2
-3367.8 8570.8 -4.7 36 0 36.9 15.3 7.5 2.5 2 0 3 2 2
-3378.1 8696.7 -4.2 222 0 64.0 39.2 10.0 0.0 0 0 4 4 4
-3218.1 10634.9 0.5 202 0 68.0 52.4 14.0 0.0 0 0 4 1 1
-3289.7 8691.2 -3.5 42 0 20.4 27.2 17.5 3.5 2 1 5 5 5
-3816.5 8203.6 -17.0 272 0 24.6 37.8 17.5 0.0 0 1 5 2 2
-2819.0 7814.8 -15.3 109 0 37.2 19.4 15.0 0.0 0 0 6 1 1
-3330.9 8605.7 -5.3 308 0 13.6 64.6 10.0 2.5 2 0 4 5 5
-3594.2 8733.9 -3.0 131 0 35.1 13.9 14.0 3.5 2 0 4 5 5
-3444.9 9248.2 -4.2 144 0 23.8 13.4 21.0 0.0 0 0 6 2 2
-3793.0 9651.7 -2.2 288 0 15.3 13.7 17.5 3.5 2 0 5 4 4
-3624.4 8890.3 -1.7 291 0 32.2 44.0 17.5 0.0 0 1 5 3 3
-3370.8 8592.0 -4.8 38 0 86.9 12.8 7.5 2.5 2 0 3 2 2
-4030.8 8554.7 -1.6 91 0 17.7 42.1 14.0 3.5 2 1 4 0 0
-3942.5 8942.2 1.1 88 0 9.9 22.8 7.0 3.5 2 1 2 0 0
-3682.7 8706.8 -2.3 39 0 22.0 15.3 17.5 3.5 2 0 5 5 5
-3663.8 8720.3 -2.4 40 0 13.7 23.4 17.5 3.5 2 1 5 3 3
-3654.4 8781.5 -2.1 310 0 30.2 16.1 17.5 3.5 2 0 5 2 2
-3659.3 8775.9 -2.1 310 0 12.2 74.9 17.5 3.5 2 1 5 0 0
-3717.9 8767.6 -1.7 220 0 20.1 13.2 17.5 3.5 2 0 5 0 0
-3698.0 8687.0 -2.4 39 0 19.0 44.6 17.5 3.5 2 1 5 2 2
-3854.9 8909.5 0.8 264 0 67.3 26.1 17.5 0.0 0 0 5 1 1
-3723.6 9403.1 -2.2 345 0 23.4 16.7 7.5 2.5 2 0 3 5 5
-3692.6 9320.1 -3.2 203 0 6.6 60.5 7.5 0.0 0 1 3 2 2
-3646.0 9255.1 -2.7 10 0 30.6 30.2 10.0 0.0 0 0 4 1 1
-2874.9 8817.5 -7.1 276 0 13.0 34.4 14.0 3.5 2 1 4 5 5
-2156.7 11890.8 -3.9 264 0 19.7 25.6 10.0 2.5 2 1 4 3 3
-4015.8 8383.7 -14.9 99 0 36.4 27.4 14.0 0.0 0 0 4 4 4
-3980.6 8483.9 -8.5 356 0 46.1 26.2 14.0 0.0 0 0 4 5 5
-3383.9 8732.2 -3.9 313 0 10.3 21.5 5.0 2.5 2 1 2 3 3
-3390.9 8694.1 -4.1 43 0 18.5 10.6 7.5 0.0 0 0 3 4 4
-3376.3 8710.9 -3.9 43 0 21.5 10.3 10.0 2.5 2 0 4 0 0
-3193.3 8571.1 -6.3 312 0 23.4 38.3 17.5 0.0 0 1 5 0 0
-3641.3 9005.3 -2.9 202 0 14.3 31.4 10.0 2.5 2 1 4 0 0
-3854.3 8557.0 -2.7 345 0 13.9 19.9 14.0 3.5 2 1 4 5 5
-1398.3 9428.2 -6.2 358 0 47.1 30.7 7.5 0.0 0 0 3 1 1
-3113.0 8478.9 -4.2 225 0 18.6 20.8 17.5 3.5 2 1 5 4 4
-1229.5 9311.9 -6.7 359 0 43.8 33.8 7.5 0.0 0 0 3 0 0
-2929.7 8389.1 -3.8 289 0 24.9 38.8 14.0 0.0 0 1 4 2 2
-3071.7 8324.8 -6.5 115 0 22.7 14.6 14.0 0.0 0 0 4 4 4
-3104.4 8401.7 -6.1 292 0 13.8 13.2 14.0 3.5 2 0 4 4 4
-4421.8 8620.7 3.2 11 0 19.5 25.7 7.5 2.5 2 1 3 1 1
-4859.2 8793.9 -11.9 352 0 23.2 42.2 17.5 0.0 0 1 5 3 3
-3395.4 8654.6 -4.4 313 0 24.6 13.1 17.5 3.5 2 0 5 1 1
-3072.9 8356.2 -5.1 197 0 17.6 37.8 14.0 3.5 2 1 4 0 0
-3023.9 8388.7 -3.5 290 0 9.7 33.1 10.5 3.5 2 1 3 2 2
-3009.3 8352.2 -3.4 18 0 12.8 20.2 14.0 3.5 2 1 4 2 2
-3312.4 8437.6 -14.8 341 0 15.3 24.3 15.0 0.0 0 1 6 0 0
-3339.6 8636.4 -4.1 34 0 15.4 21.8 17.5 0.0 0 1 5 2 2
-3158.7 8420.1 -8.1 279 0 14.4 15.8 14.0 3.5 2 1 4 1 1
-3399.4 8630.3 -4.5 41 0 10.0 34.1 17.5 3.5 2 1 5 5 5
-2985.5 8390.4 -3.5 292 0 13.8 32.4 14.0 3.5 2 1 4 1 1
