-3822.9 435.7 -6.6 277 0 21.0 15.0 14.0 3.5 2 0 4 4 4
-4022.6 382.1 -7.5 85 0 48.5 85.7 14.0 0.0 0 1 4 3 3
-4662.5 1799.7 -3.7 348 0 55.3 56.4 17.5 0.0 0 1 5 4 4
-3605.5 920.8 -4.9 258 0 27.9 19.8 14.0 3.5 2 0 4 4 4
-3596.3 946.5 -5.1 345 0 16.1 12.9 14.0 3.5 2 0 4 4 4
-3630.0 964.5 -4.8 254 0 19.9 15.3 14.0 3.5 2 0 4 1 1
-3601.8 842.3 -4.3 77 0 17.7 19.4 14.0 3.5 2 1 4 4 4
-3675.1 1228.9 -5.1 341 0 59.8 88.9 14.0 0.0 0 1 4 3 3
-3857.3 1385.1 -4.4 100 0 64.6 22.3 14.0 0.0 0 0 4 3 3
-5339.6 -842.1 -9.7 199 0 7.1 7.8 2.5 2.5 2 1 1 3 3
-5337.1 -835.3 -9.7 199 0 7.1 7.8 5.0 2.5 2 1 2 2 2
-5345.3 -859.8 -9.6 199 0 7.1 7.8 5.0 2.5 2 1 2 4 4
-5328.1 -858.4 -9.6 19 0 7.1 7.8 5.0 2.5 2 1 2 3 3
-5343.0 -853.1 -9.6 199 0 7.1 7.8 2.5 2.5 2 1 1 2 2
-5348.8 -869.6 -9.7 199 0 7.1 7.8 7.5 2.5 2 1 3 4 4
-5336.4 -881.8 -9.8 19 0 7.1 7.8 2.5 0.0 0 1 1 4 4
-5334.1 -874.9 -9.7 19 0 7.1 7.8 5.0 0.0 0 1 2 0 0
-5356.0 -894.6 -9.9 198 0 7.4 7.9 7.5 2.5 2 0 3 4 4
-5353.7 -887.6 -9.9 198 0 7.4 7.9 5.0 2.5 2 0 2 5 5
-5341.1 -899.7 -9.9 18 0 7.4 7.9 5.0 2.5 2 1 2 0 0
-6262.9 1767.6 -5.6 88 0 11.4 73.0 15.0 2.5 2 0 6 1 1
-6259.2 1863.2 -4.6 357 0 42.5 14.2 12.5 2.5 2 0 5 5 5
-6254.6 1802.6 -5.5 178 0 71.5 10.6 10.0 2.5 2 0 4 1 1
-6256.1 1863.2 -4.6 178 0 38.6 10.4 7.5 2.5 2 0 3 2 2
-6239.7 1812.9 -5.1 182 0 26.2 42.7 7.5 0.0 0 1 3 5 5
-6218.6 1791.3 -5.3 269 0 40.7 20.7 10.0 0.0 0 0 4 0 0
-6281.4 1931.5 -4.2 317 0 99.0 28.7 10.0 0.0 0 0 4 1 1
-6271.1 1937.2 -3.7 151 0 32.4 9.8 7.5 2.5 2 0 3 1 1
-4988.1 2184.6 -1.8 94 0 66.8 64.0 14.0 0.0 0 0 4 1 1
-5396.9 2608.1 -3.9 333 0 15.3 18.6 10.0 0.0 0 1 4 4 4
-5394.3 2569.7 -3.8 59 0 17.8 19.3 10.0 0.0 0 1 4 0 0
-5361.1 2573.8 -4.2 159 0 13.4 19.4 10.0 0.0 0 1 4 1 1
-5323.3 -819.7 -9.9 108 0 20.1 9.5 7.5 0.0 0 0 3 0 0
-5492.4 -834.4 -10.3 185 0 63.2 38.2 10.0 0.0 0 0 4 3 3
-5405.4 -1115.9 -11.0 285 0 17.3 34.4 7.5 2.5 4 1 3 3 3
-5173.4 -576.2 -9.5 263 0 18.3 35.6 12.5 0.0 0 1 5 5 5
-5569.1 -1597.3 -10.4 291 0 19.3 60.1 10.0 2.5 2 1 4 4 4
-3533.1 814.9 -4.7 160 0 44.5 23.3 7.5 0.0 0 0 3 3 3
-3517.9 753.0 -4.5 181 0 45.5 21.8 7.5 0.0 0 0 3 2 2
-3510.7 690.9 -4.5 181 0 43.9 24.4 10.0 0.0 0 0 4 0 0
-3407.5 810.6 -5.5 326 0 95.9 18.9 10.0 0.0 0 0 4 1 1
-3499.5 610.5 -5.2 91 0 24.4 43.9 10.0 0.0 0 1 4 2 2
-3363.0 471.3 -6.2 50 0 13.8 20.0 14.0 3.5 2 1 4 5 5
-3262.4 414.1 -6.9 81 0 19.9 20.3 14.0 3.5 2 1 4 2 2
-3286.0 485.5 -6.7 334 0 90.6 11.3 14.0 3.5 2 0 4 5 5
-3339.1 470.7 -6.3 87 0 40.7 21.3 14.0 0.0 0 0 4 3 3
-3262.4 499.6 -7.0 62 0 40.0 35.3 14.0 0.0 0 0 4 0 0
-3258.4 388.3 -7.1 100 0 35.6 12.7 14.0 3.5 2 0 4 5 5
-3291.9 393.0 -6.6 13 0 4.3 14.5 10.5 3.5 2 1 3 1 1
-5771.3 -1442.4 -14.1 353 0 87.5 108.4 10.0 0.0 0 1 4 2 2
3613.4 8518.1 2.8 207 0 12.0 50.6 10.0 2.5 2 1 4 5 5
3618.9 8444.5 4.3 295 0 14.1 23.8 10.0 0.0 0 1 4 4 4
3595.6 8400.1 4.8 26 0 47.9 25.9 7.5 0.0 0 0 3 5 5
-4531.2 1380.5 -1.4 271 0 91.6 22.0 10.0 0.0 0 0 4 1 1
-5778.2 -542.5 -10.6 357 0 23.9 25.5 10.0 0.0 0 1 4 3 3
-5136.3 -169.1 -9.8 285 0 47.1 17.4 15.0 2.5 2 0 6 0 0
-5148.1 -258.4 -10.3 108 0 20.6 31.9 10.0 0.0 0 1 4 4 4
-5416.9 -1569.3 -10.0 12 0 14.8 62.7 10.0 2.5 2 1 4 1 1
-5400.4 -1529.3 -10.9 9 0 60.0 78.0 10.0 0.0 0 1 4 5 5
-6236.8 -2859.8 -12.3 198 0 48.2 89.4 7.5 0.0 0 1 3 1 1
-6125.3 -3007.9 -13.2 108 0 37.2 58.4 15.0 0.0 0 1 6 2 2
-6087.0 -2596.7 -12.8 32 0 40.2 8.8 7.5 2.5 2 0 3 1 1
-6054.1 -2549.1 -12.4 37 0 33.9 8.0 7.5 2.5 2 0 3 0 0
-6251.1 -2618.0 -12.3 127 0 29.8 16.5 10.0 2.5 2 0 4 0 0
-6440.4 -2891.0 -13.2 289 0 43.0 66.0 7.5 0.0 0 0 3 1 1
-6447.7 -3128.4 -13.0 113 0 26.1 67.0 10.0 0.0 0 1 4 2 2
-6386.6 -3021.2 -13.0 19 0 73.4 59.7 7.5 0.0 0 0 3 4 4
-6054.8 -2314.7 -12.9 287 0 70.6 61.2 10.0 0.0 0 0 4 5 5
-5972.4 -2247.4 -12.0 206 0 52.7 13.2 5.0 2.5 2 0 2 4 4
-5271.8 -1433.2 -12.4 96 0 22.1 33.8 10.0 0.0 0 1 4 2 2
-5820.9 -2216.1 -11.1 106 0 96.1 35.0 7.5 0.0 0 0 3 3 3
-5488.7 -1574.0 -9.3 290 0 7.8 57.1 7.5 2.5 2 1 3 0 0
-4612.7 581.6 -7.1 282 0 15.1 15.1 14.0 3.5 2 0 4 3 3
-4890.7 341.2 -8.0 286 0 8.8 43.6 10.5 3.5 2 1 3 5 5
-5370.3 -1233.5 -10.6 100 0 19.6 13.9 10.0 2.5 4 0 4 2 2
-4350.1 1717.8 5.9 188 0 17.7 41.3 14.0 3.5 2 1 4 5 5
-4354.2 1685.5 6.2 190 0 13.1 42.3 14.0 3.5 2 1 4 3 3
-4357.5 1626.0 5.1 180 0 23.8 24.4 17.5 3.5 2 1 5 2 2
-4815.2 1090.2 -3.1 206 0 19.3 95.3 17.5 0.0 0 1 5 4 4
-3726.3 1144.8 -4.2 264 0 32.7 14.4 17.5 3.5 2 0 5 4 4
-5033.8 804.1 -4.8 13 0 20.4 20.6 14.0 3.5 2 1 4 3 3
-4778.5 1280.9 -2.7 183 0 15.3 14.8 14.0 0.0 0 0 4 3 3
-4674.9 1329.4 -2.2 274 0 20.0 37.3 14.0 0.0 0 1 4 0 0
-4795.7 1133.3 -3.3 205 0 21.9 71.2 17.5 0.0 0 1 5 4 4
-4972.1 731.3 -5.3 10 0 9.5 25.2 10.5 3.5 2 1 3 0 0
-4884.0 1331.5 -2.6 149 0 10.6 19.5 17.5 3.5 2 1 5 3 3
-4821.9 1189.6 -3.1 359 0 16.7 16.0 14.0 3.5 4 0 4 5 5
5473.8 3115.0 -3.3 84 0 14.1 10.6 7.5 0.0 0 0 3 2 2
-3638.3 1107.8 -5.2 346 0 14.0 13.7 17.5 3.5 2 0 5 4 4
-4784.8 1201.0 -3.0 180 0 13.7 37.9 17.5 3.5 2 1 5 2 2
-5073.2 1126.9 0.8 325 0 12.7 77.1 14.0 3.5 2 1 4 0 0
-3790.9 502.1 -6.3 10 0 8.7 25.9 10.5 3.5 2 1 3 0 0
