-5898.6 11838.2 -15.4 263 0 18.7 9.0 7.5 2.5 2 0 3 1 1
-5897.0 11844.3 -15.2 83 0 18.7 9.0 7.5 2.5 2 0 3 5 5
-5917.3 11866.6 -15.1 263 0 18.7 9.0 5.0 2.5 2 0 2 2 2
-5917.8 11814.5 -15.5 83 0 18.7 9.0 2.5 0.0 0 0 1 3 3
-5894.7 11811.1 -15.6 263 0 18.7 9.0 7.5 2.5 2 0 3 5 5
-5917.7 11808.2 -15.7 263 0 18.7 9.0 7.5 2.5 2 0 3 5 5
-5916.9 11788.6 -15.7 83 0 18.7 9.0 2.5 2.5 2 0 1 1 1
-5141.1 11280.7 -12.5 207 0 11.3 14.5 7.5 2.5 2 1 3 2 2
-5090.9 11317.8 -12.6 297 0 14.5 11.3 5.0 2.5 2 0 2 1 1
-5123.8 11311.2 -12.4 207 0 11.3 14.6 5.0 2.5 2 1 2 5 5
-5133.3 11254.9 -12.8 207 0 11.3 14.6 10.0 0.0 0 1 4 0 0
-5148.9 11263.8 -12.6 207 0 11.3 14.5 5.0 2.5 2 1 2 3 3
-5156.7 11250.2 -12.7 207 0 11.3 14.5 5.0 2.5 2 1 2 0 0
-5133.2 11293.6 -12.5 207 0 11.3 14.5 10.0 2.5 2 1 4 3 3
-5135.8 11193.7 -13.3 117 0 14.5 11.3 2.5 0.0 0 0 1 1 1
-5116.5 11325.3 -12.3 207 0 11.3 14.5 5.0 2.5 4 1 2 1 1
-5108.0 11302.3 -12.6 207 0 11.3 14.5 2.5 2.5 2 1 1 3 3
-5165.3 11233.7 -12.7 207 0 11.3 14.5 10.0 2.5 2 1 4 2 2
-5305.7 11217.9 -11.3 96 0 12.2 14.7 10.0 2.5 2 1 4 2 2
-5306.9 11259.4 -11.0 186 0 14.7 12.2 7.5 2.5 2 0 3 1 1
-5304.8 11275.9 -10.9 186 0 14.7 12.2 7.5 2.5 2 0 3 1 1
-5303.5 11294.1 -10.7 186 0 14.7 12.2 7.5 2.5 2 0 3 0 0
-5283.4 11287.2 -11.0 186 0 14.7 12.2 2.5 2.5 2 0 1 5 5
-5273.1 11327.6 -10.7 276 0 12.2 14.7 10.0 2.5 2 1 4 1 1
-5260.0 11309.2 -11.0 276 0 12.2 14.7 7.5 2.5 2 1 3 3 3
-5270.7 11268.6 -11.3 186 0 14.7 12.2 5.0 2.5 2 0 2 2 2
-5235.8 11340.9 -10.9 276 0 12.2 14.7 5.0 2.5 2 1 2 2 2
-5233.9 11299.1 -11.2 6 0 14.7 12.2 7.5 2.5 4 0 3 0 0
-5237.8 11265.1 -11.5 6 0 14.7 12.2 5.0 2.5 2 0 2 2 2
-5218.3 11314.7 -11.2 6 0 14.7 12.2 10.0 2.5 4 0 4 2 2
-5221.7 11339.6 -11.1 276 0 12.2 14.7 5.0 2.5 2 1 2 5 5
-5219.8 11297.9 -11.4 6 0 14.7 12.2 5.0 2.5 2 0 2 4 4
-5838.5 12453.3 -14.1 177 0 30.5 20.2 10.0 0.0 0 0 4 3 3
-5993.6 11745.4 -15.5 152 0 26.4 64.2 7.5 0.0 0 1 3 5 5
-5794.7 12710.6 -15.4 267 0 16.2 20.3 7.5 2.5 2 1 3 4 4
-5745.9 12410.0 -14.2 175 0 12.1 18.2 10.0 2.5 2 1 4 2 2
-5887.3 12145.2 -15.1 354 0 15.4 26.3 10.0 2.5 2 1 4 0 0
-6071.8 12672.2 -13.4 161 0 14.6 10.0 2.5 2.5 4 0 1 0 0
