6754.8 -8416.6 -20.5 101 0 8.6 11.3 7.5 2.5 2 1 3 1 1
6654.9 -8221.2 -19.4 89 0 5.7 5.6 7.5 2.5 2 0 3 0 0
6663.1 -8042.0 -18.9 304 0 7.5 5.6 5.0 2.5 2 0 2 0 0
6650.3 -8072.8 -19.0 111 0 12.0 4.8 2.5 0.0 0 0 1 1 1
6679.6 -8063.6 -19.1 21 0 16.2 6.0 7.5 2.5 2 0 3 2 2
6679.4 -8168.9 -19.4 2 0 3.1 15.3 5.0 2.5 2 1 2 4 4
6680.6 -8163.8 -19.4 1 0 4.5 14.8 5.0 2.5 2 1 2 5 5
6681.4 -8190.3 -19.5 3 0 3.8 16.9 7.5 0.0 0 1 3 4 4
6675.6 -8195.3 -19.4 1 0 4.2 10.8 5.0 2.5 2 1 2 2 2
6781.8 -8376.1 -20.5 94 0 8.9 11.0 5.0 2.5 2 1 2 3 3
6830.4 -8385.6 -20.8 184 0 5.0 14.7 7.5 2.5 2 1 3 0 0
6804.1 -8373.1 -20.6 96 0 13.7 5.2 2.5 0.0 0 0 1 3 3
6817.2 -8375.6 -20.7 93 0 9.7 5.9 5.0 0.0 0 0 2 5 5
6816.9 -8393.0 -20.7 95 0 10.9 4.6 7.5 0.0 0 0 3 2 2
6801.1 -8405.0 -20.7 98 0 11.2 5.7 2.5 2.5 2 0 1 5 5
6564.1 -8369.3 -20.0 88 0 7.9 13.6 7.5 2.5 2 1 3 3 3
6550.6 -8413.0 -20.1 1 0 19.8 8.6 2.5 2.5 2 0 1 2 2
6527.9 -8411.3 -19.9 1 0 13.5 6.7 7.5 2.5 2 0 3 4 4
6531.2 -8452.4 -20.1 359 0 7.8 13.3 7.5 2.5 2 1 3 4 4
6824.1 -8050.5 -19.7 4 0 7.7 7.1 7.5 2.5 2 0 3 3 3
6828.5 -8038.8 -19.7 1 0 7.1 5.2 7.5 2.5 2 0 3 3 3
6799.0 -8063.5 -19.6 99 0 8.1 12.5 2.5 2.5 2 1 1 0 0
6887.4 -8403.4 -21.1 4 0 13.3 19.1 12.5 2.5 2 1 5 4 4
6883.3 -8385.8 -21.0 3 0 11.8 11.4 7.5 2.5 2 0 3 0 0
6913.5 -8406.7 -21.2 6 0 13.7 9.7 7.5 2.5 2 0 3 3 3
6902.8 -8363.4 -21.0 8 0 16.1 9.4 5.0 2.5 2 0 2 5 5
6882.3 -8335.4 -20.9 276 0 5.9 12.9 5.0 2.5 2 1 2 2 2
6845.2 -8371.5 -20.8 4 0 5.4 14.1 7.5 2.5 4 1 3 4 4
6861.0 -8350.9 -20.8 276 0 10.3 13.8 5.0 2.5 2 1 2 2 2
6890.4 -8373.3 -21.0 2 0 10.4 20.6 10.0 2.5 2 1 4 0 0
6887.4 -8357.2 -20.9 3 0 5.6 15.8 5.0 2.5 2 1 2 0 0
6820.1 -8357.0 -20.6 274 0 11.9 10.8 10.0 2.5 2 0 4 1 1
6823.0 -8348.8 -20.6 274 0 10.7 5.5 2.5 2.5 2 0 1 5 5
6826.2 -8330.8 -20.6 277 0 11.7 12.6 2.5 2.5 2 1 1 4 4
6531.2 -8297.2 -19.5 269 0 5.2 14.7 5.0 2.5 2 1 2 4 4
6506.2 -8298.2 -19.1 268 0 15.0 14.9 2.5 2.5 2 0 1 0 0
6531.8 -8315.0 -19.6 271 0 4.3 14.7 5.0 2.5 2 1 2 5 5
6528.1 -8334.6 -19.7 272 0 12.8 11.5 2.5 2.5 2 0 1 2 2
6494.3 -8341.0 -19.2 183 0 13.5 8.5 7.5 2.5 4 0 3 4 4
6486.5 -8341.0 -19.1 183 0 11.8 6.9 2.5 2.5 4 0 1 0 0
6494.3 -8376.8 -19.3 179 0 14.9 5.6 7.5 2.5 2 0 3 1 1
6485.8 -8376.9 -19.2 177 0 14.1 5.0 7.5 0.0 0 0 3 3 3
6505.0 -8376.7 -19.5 179 0 13.8 8.0 2.5 2.5 2 0 1 4 4
6520.0 -8376.9 -19.8 177 0 14.3 5.9 7.5 2.5 2 0 3 5 5
6485.4 -8393.4 -19.3 179 0 13.1 7.1 5.0 0.0 0 0 2 3 3
6493.8 -8393.7 -19.4 180 0 14.0 9.1 5.0 0.0 0 0 2 2 2
6501.0 -8413.4 -19.5 178 0 16.4 3.7 2.5 2.5 2 0 1 1 1
6486.9 -8411.6 -19.3 179 0 14.8 4.4 5.0 2.5 2 0 2 4 4
6706.1 -8241.8 -19.7 88 0 5.0 6.6 2.5 2.5 2 1 1 3 3
6733.5 -8243.3 -19.9 90 0 4.9 8.9 5.0 2.5 2 1 2 5 5
6733.3 -8261.1 -19.9 93 0 11.6 7.9 2.5 2.5 4 0 1 3 3
6745.8 -8261.2 -20.0 91 0 9.5 7.3 5.0 2.5 2 0 2 0 0
6750.1 -8253.0 -20.0 92 0 5.7 11.2 5.0 2.5 2 1 2 3 3
6681.7 -8229.5 -19.6 91 0 6.4 6.6 7.5 2.5 2 1 3 2 2
6694.9 -8229.0 -19.6 91 0 8.4 7.5 5.0 2.5 2 0 2 3 3
6723.2 -8218.8 -19.8 268 0 4.7 9.0 2.5 2.5 2 1 1 2 2
6736.3 -8221.6 -19.8 270 0 8.0 4.8 7.5 2.5 2 0 3 2 2
6665.2 -8215.5 -19.5 182 0 3.7 12.1 7.5 2.5 2 1 3 5 5
6899.5 -7975.8 -19.8 88 0 8.4 12.9 5.0 0.0 0 1 2 0 0
6888.2 -7976.2 -19.8 88 0 8.4 13.2 7.5 2.5 2 1 3 1 1
6618.4 -8038.1 -18.8 213 0 19.6 19.2 10.0 2.5 2 0 4 2 2
6567.1 -8074.5 -18.7 218 0 13.5 11.0 2.5 2.5 2 0 1 3 3
6559.2 -8086.5 -18.8 214 0 10.2 21.7 2.5 2.5 2 1 1 5 5
6526.8 -8146.1 -18.8 133 0 21.4 12.8 7.5 0.0 0 0 3 3 3
6680.5 -8083.3 -19.1 19 0 17.1 10.8 5.0 2.5 2 0 2 2 2
6732.1 -8366.4 -20.4 189 0 12.5 43.3 10.0 2.5 2 1 4 5 5
6544.1 -8313.8 -19.6 269 0 8.1 15.3 5.0 2.5 2 1 2 3 3
6545.5 -8297.4 -19.5 269 0 6.2 14.7 5.0 2.5 2 1 2 4 4
6715.4 -8333.9 -20.1 179 0 10.8 26.7 7.5 2.5 2 1 3 0 0
6723.6 -8358.1 -20.2 91 0 9.7 16.4 5.0 2.5 4 1 2 3 3
6609.1 -8372.9 -19.9 80 0 9.0 9.4 5.0 2.5 2 1 2 0 0
6612.4 -8383.0 -19.9 80 0 9.3 9.3 7.5 2.5 2 0 3 2 2
6644.1 -8377.0 -20.1 80 0 11.9 8.7 7.5 2.5 2 0 3 2 2
6636.6 -8394.2 -20.2 80 0 15.4 9.8 7.5 2.5 2 0 3 2 2
6617.4 -8397.1 -20.0 80 0 17.7 9.2 5.0 2.5 4 0 2 0 0
6695.1 -8281.1 -20.0 260 0 13.6 62.8 7.5 2.5 2 1 3 3 3
6613.9 -8367.2 -20.1 170 0 9.9 44.3 7.5 2.5 2 1 3 4 4
6692.0 -8360.0 -20.1 80 0 43.5 11.6 7.5 2.5 2 0 3 0 0
6666.6 -8284.5 -19.9 260 0 20.9 56.8 7.5 2.5 2 1 3 5 5
6635.5 -8290.1 -19.9 260 0 21.6 55.8 7.5 2.5 2 1 3 4 4
6608.4 -8294.7 -19.8 260 0 12.2 63.1 7.5 2.5 4 1 3 3 3
6906.4 -7250.7 -18.1 358 0 19.2 10.8 7.5 2.5 2 0 3 3 3
6644.7 -8011.2 -18.8 220 0 40.4 12.0 10.0 2.5 2 0 4 0 0
6827.0 -7987.6 -19.5 271 0 5.3 8.6 7.5 2.5 2 1 3 1 1
6755.2 -8078.3 -19.5 87 0 16.1 34.0 12.5 2.5 2 1 5 4 4
6690.4 -7934.9 -18.9 199 0 31.0 9.0 7.5 0.0 0 0 3 2 2
6679.7 -7969.4 -18.8 198 0 34.8 8.4 7.5 2.5 2 0 3 4 4
6715.0 -8009.8 -19.1 17 0 12.1 46.6 10.0 2.5 2 1 4 3 3
6747.6 -7938.0 -19.0 21 0 9.7 41.8 7.5 2.5 2 1 3 5 5
6738.7 -7959.7 -19.0 18 0 16.2 39.1 15.0 2.5 2 1 6 3 3
6726.3 -7986.1 -19.1 16 0 15.3 35.1 10.0 2.5 2 1 4 0 0
6595.7 -8119.8 -19.0 306 0 12.2 20.8 5.0 2.5 2 1 2 1 1
6546.6 -8157.0 -19.0 131 0 12.0 20.7 5.0 2.5 2 1 2 2 2
6559.8 -8167.6 -19.1 128 0 12.0 18.7 5.0 2.5 2 1 2 4 4
-2329.3 846.8 0.7 90 0 57.4 40.7 14.0 0.0 0 0 4 1 1
-2335.7 840.7 0.7 260 0 9.8 17.2 7.5 0.0 0 1 3 2 2
-2335.2 797.5 0.6 107 0 10.4 22.1 7.5 0.0 0 1 3 3 3
5083.6 10022.1 -3.0 76 0 19.0 14.6 7.5 2.5 2 0 3 5 5
5638.4 -8883.4 -16.9 268 0 46.3 33.9 7.5 0.0 0 0 3 3 3
4827.5 12494.0 -2.1 71 0 12.1 19.7 7.5 2.5 2 1 3 0 0
