-6795.3 -8404.9 -8.9 178 0 20.1 32.1 7.5 0.0 0 1 3 3 3
-6785.6 -8404.9 -8.9 181 0 8.2 15.7 5.0 0.0 0 1 2 4 4
-6819.5 -8449.4 -8.8 271 0 3.5 10.4 7.5 2.5 2 1 3 0 0
-6874.8 -8246.5 -8.7 184 0 11.9 5.7 7.5 2.5 2 0 3 0 0
-6843.3 -8182.7 -7.7 11 0 7.5 8.8 5.0 2.5 2 1 2 5 5
-6854.8 -8243.1 -8.3 9 0 20.4 7.7 5.0 2.5 2 0 2 4 4
-6867.1 -8264.0 -8.5 131 0 10.5 4.3 7.5 0.0 0 0 3 0 0
-6838.2 -8256.9 -8.1 8 0 25.7 16.9 7.5 2.5 2 0 3 0 0
-6843.0 -8229.1 -7.8 1 0 5.9 5.3 5.0 2.5 2 0 2 1 1
-6886.3 -8185.0 -8.9 180 0 5.6 13.4 7.5 2.5 2 1 3 1 1
-6892.6 -8211.9 -9.3 178 0 4.9 9.0 2.5 0.0 0 1 1 3 3
-6891.2 -8206.2 -9.2 178 0 5.2 6.4 5.0 0.0 0 1 2 3 3
-6890.7 -8258.3 -9.3 159 0 4.0 9.2 7.5 2.5 2 1 3 3 3
-6843.1 -8300.6 -8.3 63 0 8.8 31.7 7.5 2.5 2 1 3 1 1
-6770.2 -8367.5 -8.7 268 0 4.6 13.0 7.5 2.5 4 1 3 3 3
-6761.9 -8353.8 -8.7 269 0 4.6 9.7 7.5 2.5 2 1 3 0 0
-6751.5 -8374.9 -8.9 5 0 8.6 4.5 2.5 2.5 2 0 1 1 1
-6867.5 -8381.7 -8.9 170 0 12.4 6.5 7.5 2.5 2 0 3 3 3
-6900.1 -8452.1 -10.2 177 0 14.7 5.3 7.5 2.5 2 0 3 0 0
-6908.0 -8452.3 -10.5 176 0 14.8 5.6 7.5 2.5 2 0 3 3 3
-6786.4 -8485.8 -9.3 80 0 5.4 11.9 2.5 2.5 2 1 1 2 2
