5545.6 3591.3 -4.3 99 0 13.3 10.1 7.5 2.5 2 0 3 1 1
5510.5 3600.2 -4.5 106 0 13.3 10.1 7.5 2.5 2 0 3 4 4
5492.9 3604.8 -4.4 109 0 13.3 10.1 5.0 2.5 2 0 2 4 4
5441.3 3621.4 -4.0 109 0 13.3 10.1 2.5 0.0 0 0 1 0 0
5527.6 3637.9 -4.0 177 0 13.3 10.0 5.0 2.5 2 0 2 4 4
5533.9 3613.7 -4.3 87 0 10.0 13.3 7.5 2.5 2 1 3 2 2
5548.5 3674.2 -3.1 266 0 9.9 11.7 2.5 2.5 2 1 1 3 3
5551.2 3609.8 -3.7 87 0 10.0 13.3 7.5 2.5 2 1 3 0 0
5568.3 3648.8 -3.2 357 0 13.3 10.1 5.0 2.5 2 0 2 0 0
5568.9 3631.9 -3.3 357 0 13.3 10.0 5.0 2.5 2 0 2 2 2
6898.8 1888.1 -2.9 32 0 8.5 9.5 10.5 0.0 0 1 3 2 2
6920.8 1885.9 -3.2 31 0 6.2 10.4 10.5 3.5 2 1 3 1 1
6906.6 1885.1 -3.2 208 0 5.8 12.9 10.5 3.5 2 1 3 0 0
-2430.0 -6408.0 -4.5 85 0 7.9 21.1 7.5 2.5 2 1 3 1 1
