-2229.7 11645.4 16.3 256 0 7.5 10.1 7.5 2.5 2 1 3 2 2
-2219.6 11622.8 16.2 346 0 10.1 7.5 7.5 2.5 2 0 3 5 5
-2212.3 11624.7 16.1 346 0 10.1 7.5 5.0 2.5 2 0 2 3 3
-2210.2 11589.0 15.9 346 0 10.1 7.5 2.5 0.0 0 0 1 2 2
-2202.9 11590.9 15.8 346 0 10.1 7.5 5.0 2.5 2 0 2 4 4
-2208.5 11569.8 15.8 76 0 7.5 10.1 7.5 2.5 2 1 3 4 4
-2201.2 11571.7 15.8 76 0 7.5 10.1 2.5 2.5 2 1 1 3 3
-2242.1 11574.9 16.3 76 0 7.5 10.1 7.5 2.5 2 1 3 3 3
-2256.6 11601.6 16.5 256 0 7.5 10.1 5.0 2.5 2 1 2 0 0
-2249.3 11603.4 16.4 256 0 7.5 10.1 5.0 2.5 2 1 2 4 4
-2261.3 11616.6 16.6 255 0 7.5 10.1 7.5 0.0 0 1 3 0 0
-2264.6 11554.6 16.5 76 0 7.5 10.1 5.0 2.5 2 1 2 3 3
-2257.3 11556.5 16.4 76 0 7.5 10.1 5.0 2.5 2 1 2 5 5
-2268.7 11568.0 16.6 76 0 7.5 10.1 7.5 2.5 2 1 3 2 2
-2276.0 11596.5 16.7 255 0 7.5 10.1 2.5 0.0 0 1 1 4 4
-2268.7 11598.4 16.7 255 0 7.5 10.1 5.0 0.0 0 1 2 2 2
-2276.1 11551.1 16.7 76 0 7.5 10.1 7.5 2.5 2 1 3 0 0
-2292.3 11566.6 16.9 165 0 10.1 7.5 7.5 2.5 2 0 3 0 0
-2299.8 11550.3 16.9 166 0 10.1 7.5 7.5 2.5 2 0 3 1 1
-2304.4 11565.3 17.0 165 0 10.1 7.5 2.5 2.5 2 0 1 5 5
-2224.3 11580.7 16.1 76 0 7.5 10.1 7.5 2.5 2 1 3 4 4
-2236.2 11624.3 16.3 255 0 7.5 10.1 7.5 2.5 2 1 3 4 4
-2248.8 11640.5 16.5 256 0 7.5 10.1 7.5 2.5 2 1 3 0 0
-2241.5 11642.4 16.4 256 0 7.5 10.1 7.5 2.5 2 1 3 5 5
-2499.5 11628.3 18.0 27 0 13.7 9.6 2.5 2.5 2 0 1 2 2
-2533.0 11637.8 18.5 117 0 9.6 13.7 7.5 2.5 2 1 3 4 4
-2536.5 11664.3 18.6 207 0 13.7 9.6 7.5 2.5 2 0 3 0 0
-2545.1 11668.7 18.7 207 0 13.7 9.6 5.0 2.5 2 0 2 1 1
-2527.6 11659.3 18.5 207 0 13.7 9.6 5.0 2.5 2 0 2 3 3
-2501.6 11645.9 18.3 27 0 13.7 9.6 7.5 2.5 4 0 3 4 4
-2485.6 11676.1 18.2 27 0 13.7 9.6 5.0 2.5 2 0 2 5 5
-2492.1 11663.0 18.2 27 0 13.7 9.6 7.5 2.5 4 0 3 3 3
-2501.0 11667.5 18.3 27 0 13.7 9.6 5.0 2.5 2 0 2 2 2
-2494.4 11680.7 18.3 27 0 13.7 9.6 5.0 2.5 2 0 2 1 1
-2520.5 11694.6 18.7 207 0 13.7 9.6 5.0 2.5 2 0 2 4 4
-2475.2 11733.0 18.8 210 0 13.7 9.6 5.0 2.5 2 0 2 3 3
-2483.5 11737.8 19.0 210 0 13.7 9.6 2.5 2.5 2 0 1 5 5
-2460.4 11749.4 18.8 300 0 9.6 13.7 7.5 2.5 4 1 3 3 3
-2468.8 11754.2 19.0 300 0 9.6 13.7 2.5 2.5 4 1 1 0 0
-2493.4 11760.9 19.3 210 0 13.7 9.6 7.5 2.5 2 0 3 3 3
-2485.0 11756.1 19.2 210 0 13.7 9.6 7.5 0.0 0 0 3 2 2
-2434.0 11756.8 18.5 300 0 9.6 13.7 2.5 2.5 2 1 1 3 3
-2442.4 11761.6 18.7 300 0 9.6 13.7 7.5 2.5 2 1 3 2 2
-2459.5 11771.4 19.0 300 0 9.6 13.7 5.0 0.0 0 1 2 2 2
-2468.2 11776.5 19.1 300 0 9.6 13.7 5.0 0.0 0 1 2 5 5
-2541.2 11966.2 20.1 45 0 4.9 7.2 7.5 2.5 2 0 3 0 0
-2415.8 11688.1 17.4 120 0 9.6 13.7 2.5 2.5 2 1 1 1 1
-2441.2 11702.9 17.8 120 0 9.6 13.7 5.0 2.5 4 1 2 2 2
-2418.9 11723.1 17.7 300 0 9.6 13.7 2.5 2.5 2 1 1 3 3
-2410.2 11717.7 17.5 300 0 9.6 13.7 7.5 2.5 2 1 3 5 5
-2574.8 11958.3 20.3 45 0 4.9 7.2 5.0 2.5 2 0 2 3 3
-2572.4 12005.2 20.3 244 0 7.0 8.1 7.5 2.5 2 0 3 2 2
-2519.8 11987.5 19.9 45 0 4.9 7.2 5.0 2.5 2 0 2 5 5
-2531.8 12000.7 20.0 45 0 4.9 7.2 7.5 2.5 2 0 3 3 3
-2538.1 12013.5 20.0 244 0 7.0 8.1 2.5 2.5 2 0 1 4 4
-2528.8 12047.5 20.2 244 0 7.0 8.2 5.0 2.5 2 0 2 0 0
-2525.1 12025.2 19.9 228 0 4.9 7.1 5.0 2.5 2 0 2 3 3
-2581.3 11997.6 20.4 228 0 4.9 7.1 5.0 2.5 2 0 2 0 0
-2634.7 12021.2 21.1 138 0 5.5 9.3 5.0 2.5 2 0 2 2 2
-2622.4 12007.7 21.0 138 0 5.5 9.3 7.5 2.5 2 0 3 2 2
-2649.1 12035.4 21.2 138 0 5.5 9.3 7.5 2.5 2 0 3 2 2
-2553.4 12645.9 23.2 103 0 18.4 18.0 7.5 2.5 2 0 3 0 0
-2474.0 12540.0 21.9 6 0 13.8 16.3 5.0 2.5 2 1 2 3 3
-2508.2 12578.5 22.1 181 0 13.5 27.7 7.5 2.5 4 1 3 4 4
-2519.1 12512.1 21.7 189 0 9.8 41.7 7.5 2.5 2 1 3 0 0
-2280.4 -9306.0 -43.5 87 0 12.2 18.2 5.0 2.5 2 1 2 5 5
