-3964.3 -1543.1 -2.1 184 0 27.5 71.7 14.0 0.0 0 1 4 2 2
-4321.1 970.9 -2.2 81 0 124.8 59.3 7.5 0.0 0 0 3 3 3
-4581.8 68.7 -3.6 91 0 27.1 14.0 10.0 2.5 2 0 4 1 1
-4421.1 272.0 0.2 180 0 9.8 20.7 5.0 2.5 2 1 2 3 3
-4509.4 16.6 -0.1 89 0 23.5 26.5 10.0 0.0 0 1 4 0 0
-4404.5 155.9 -0.2 87 0 11.0 49.0 7.5 2.5 2 1 3 5 5
-4391.3 -290.9 3.3 262 0 11.2 20.6 14.0 0.0 0 1 4 5 5
-4744.8 -66.1 -5.2 72 0 18.0 27.6 12.5 2.5 2 1 5 2 2
-4588.2 7.8 -3.2 25 0 11.8 33.3 10.0 2.5 2 1 4 4 4
-4428.4 10.3 0.9 90 0 22.3 9.5 7.5 2.5 2 0 3 1 1
-4398.1 301.0 0.1 182 0 5.2 20.0 2.5 2.5 2 1 1 4 4
-4334.4 158.6 -0.3 85 0 15.9 65.1 10.0 2.5 2 1 4 0 0
-3078.8 449.4 -3.2 226 0 15.5 6.8 7.5 2.5 2 0 3 5 5
-4888.4 454.1 -1.1 68 0 8.8 30.3 7.5 2.5 2 1 3 2 2
-4874.0 18.7 -6.6 1 0 22.7 14.7 7.5 2.5 2 0 3 5 5
-4474.9 72.7 -0.2 89 0 13.2 15.8 7.5 2.5 2 1 3 4 4
-4494.5 353.9 0.3 163 0 19.3 16.2 12.5 0.0 0 0 5 4 4
-4414.3 38.5 0.6 358 0 17.6 34.2 7.5 0.0 0 1 3 1 1
-4359.3 202.0 0.2 85 0 12.1 28.5 7.5 2.5 2 1 3 1 1
