1899.5 -5843.9 -3.8 198 0 36.3 6.8 7.5 2.5 2 0 3 4 4
1911.8 -5876.7 -3.8 192 0 8.7 7.1 7.5 2.5 2 0 3 0 0
1948.3 -5902.1 -4.4 101 0 65.2 25.0 7.5 0.0 0 0 3 0 0
1988.5 -5916.0 -4.6 96 0 5.4 30.7 7.5 2.5 2 0 3 0 0
1996.4 -5904.3 -4.5 100 0 6.2 17.8 2.5 2.5 2 0 1 0 0
2019.3 -5882.4 -4.4 39 0 13.0 13.9 7.5 2.5 2 0 3 5 5
2038.7 -5872.1 -4.4 36 0 14.7 23.9 7.5 2.5 2 0 3 4 4
2050.1 -5855.6 -4.3 63 0 10.1 15.7 2.5 2.5 2 0 1 2 2
2050.3 -5832.7 -4.1 330 0 7.8 15.0 7.5 2.5 2 0 3 5 5
2044.8 -5819.7 -4.1 330 0 20.4 19.6 7.5 2.5 2 0 3 1 1
2031.6 -5804.5 -3.8 331 0 19.4 15.7 7.5 2.5 2 0 3 4 4
2024.5 -5786.1 -3.4 334 0 8.0 18.0 5.0 2.5 2 0 2 3 3
2011.1 -5770.5 -3.1 331 0 16.6 17.5 10.0 2.5 2 0 4 4 4
2003.6 -5760.0 -3.0 332 0 7.0 8.0 7.5 2.5 2 1 3 5 5
1990.2 -5752.3 -2.9 275 0 8.9 13.0 7.5 2.5 2 1 3 0 0
1979.3 -5764.4 -3.0 287 0 13.2 14.6 5.0 2.5 2 0 2 3 3
1978.0 -5792.8 -3.2 288 0 13.7 6.8 7.5 2.5 2 0 3 5 5
1959.7 -5802.2 -3.4 197 0 13.4 14.2 7.5 2.5 2 1 3 4 4
1965.2 -5753.0 -3.0 286 0 9.1 30.1 7.5 2.5 2 0 3 2 2
1907.1 -5848.0 -3.9 199 0 18.6 25.3 7.5 2.5 2 0 3 5 5
1902.5 -5860.9 -3.8 201 0 9.0 13.0 7.5 2.5 2 0 3 2 2
1973.0 -5409.2 -0.7 355 0 7.8 19.6 10.5 3.5 2 0 3 3 3
1963.5 -5385.5 -0.4 354 0 35.3 9.1 10.5 3.5 2 0 3 1 1
1940.6 -5414.0 -1.0 174 0 16.2 13.2 14.0 3.5 2 0 4 5 5
2739.2 -6680.4 -4.7 243 0 12.7 16.6 5.0 2.5 2 1 2 3 3
2740.7 -6715.0 -4.7 73 0 13.9 15.5 5.0 2.5 2 1 2 2 2
2820.4 -6744.0 -3.9 59 0 12.9 19.1 2.5 2.5 2 1 1 3 3
2869.5 -6703.4 -3.0 254 0 13.9 18.4 7.5 2.5 2 1 3 0 0
2953.6 -6671.0 -2.6 257 0 21.3 16.6 5.0 0.0 0 0 2 5 5
2932.2 -6738.8 -2.4 170 0 13.4 11.8 2.5 2.5 2 0 1 0 0
2853.3 -6709.3 -3.3 253 0 12.3 18.1 2.5 2.5 2 1 1 1 1
2906.2 -6761.6 -2.6 350 0 15.2 13.6 10.5 2.5 2 0 3 3 3
2931.1 -6756.9 -2.5 347 0 14.3 19.2 10.0 0.0 0 1 4 3 3
2942.1 -6782.9 -2.3 167 0 26.8 10.4 10.0 2.5 2 0 4 3 3
2874.6 -6831.5 -3.3 76 0 21.8 49.3 10.0 2.5 2 1 4 3 3
2848.9 -6769.0 -3.3 167 0 24.6 22.5 10.0 2.5 2 0 4 1 1
2749.8 -6280.8 -3.1 348 0 13.4 20.2 7.5 2.5 2 1 3 2 2
2744.5 -6305.8 -3.4 75 0 19.7 13.2 10.0 2.5 2 0 4 4 4
2736.2 -6208.8 -2.9 349 0 14.2 19.7 10.0 2.5 2 1 4 1 1
2731.6 -6234.9 -2.7 77 0 19.4 15.0 10.0 2.5 4 0 4 2 2
2705.7 -6072.2 -2.5 79 0 10.1 21.8 7.0 2.5 2 0 2 5 5
2734.4 -6044.3 -2.7 259 0 12.6 21.8 7.5 2.5 2 0 3 2 2
2662.8 -5943.5 -2.0 260 0 9.8 99.8 7.5 2.5 4 1 3 5 5
2645.1 -6011.5 -2.0 169 0 70.4 12.6 10.0 2.5 2 0 4 2 2
2633.3 -6013.9 -1.9 169 0 70.5 12.1 10.0 2.5 2 0 4 3 3
2617.0 -6499.1 -4.5 260 0 18.1 11.0 7.0 2.5 2 0 2 1 1
2602.0 -6503.7 -5.2 259 0 10.6 24.8 7.5 2.5 2 1 3 2 2
2000.3 -5517.9 -1.3 270 0 6.5 39.9 7.5 2.5 2 0 3 4 4
1997.0 -5562.1 -1.6 179 0 8.8 28.9 7.0 2.5 2 0 2 4 4
2034.3 -5562.2 -1.4 360 0 13.8 8.3 3.5 2.5 2 0 1 0 0
2221.4 -5581.5 1.9 93 0 11.4 25.5 14.0 3.5 2 1 4 2 2
2016.9 -5514.4 -0.3 88 0 13.6 19.9 14.0 3.5 4 1 4 1 1
1857.3 -5732.9 -2.9 13 0 41.9 14.9 7.5 2.5 2 0 3 3 3
1816.9 -6483.0 -2.2 281 0 13.8 32.2 5.0 2.5 4 1 2 0 0
1831.6 -6544.6 -2.2 99 0 24.8 11.9 10.0 2.5 2 0 4 2 2
1852.1 -6506.7 -2.1 4 0 23.8 23.3 10.0 2.5 2 0 4 3 3
2641.3 -5958.3 -0.9 169 0 17.5 10.1 7.5 2.5 2 0 3 1 1
2861.4 -5776.9 -6.0 93 0 6.2 8.9 5.0 2.5 2 1 2 1 1
2433.9 -5968.1 -0.1 80 0 94.4 85.2 12.5 0.0 0 0 5 0 0
3162.2 -7728.0 -6.7 133 0 6.0 12.5 5.0 2.5 2 1 2 0 0
3224.1 -7720.6 -6.8 73 0 11.8 5.5 5.0 0.0 0 0 2 2 2
3188.7 -7731.1 -6.8 73 0 11.8 5.5 5.0 0.0 0 0 2 3 3
3146.7 -7740.8 -6.8 156 0 5.6 12.1 2.5 2.5 2 1 1 4 4
3119.3 -7648.9 -5.5 163 0 7.9 17.5 2.5 2.5 2 1 1 3 3
3199.9 -7684.5 -6.2 349 0 5.7 11.9 2.5 2.5 2 1 1 1 1
3256.1 -7660.7 -6.3 251 0 10.1 11.2 5.0 2.5 2 1 2 1 1
3251.7 -7711.5 -6.8 71 0 10.8 11.2 2.5 2.5 2 1 1 2 2
3250.0 -7726.4 -6.9 128 0 8.5 13.5 2.5 0.0 0 1 1 4 4
3268.3 -7721.2 -6.9 116 0 7.8 13.6 2.5 0.0 0 1 1 5 5
3309.4 -7704.5 -7.0 346 0 11.8 7.0 5.0 2.5 4 0 2 2 2
3207.6 -7566.2 -5.6 346 0 10.5 6.5 2.5 2.5 2 0 1 1 1
3196.6 -7532.4 -5.8 338 0 6.9 10.3 5.0 2.5 2 1 2 1 1
3105.7 -7524.7 -5.9 251 0 6.9 10.3 5.0 2.5 2 1 2 3 3
3140.6 -7514.5 -5.9 251 0 6.9 10.3 5.0 2.5 2 1 2 4 4
3108.7 -7548.7 -5.8 161 0 4.2 10.3 2.5 2.5 2 1 1 3 3
3091.2 -7554.2 -5.8 161 0 4.2 10.3 5.0 2.5 2 1 2 3 3
3174.3 -7544.2 -5.8 345 0 10.6 6.8 2.5 0.0 0 0 1 2 2
3151.6 -7545.8 -5.8 251 0 6.9 10.3 5.0 2.5 2 1 2 3 3
3097.4 -7567.8 -5.7 161 0 10.3 6.9 2.5 2.5 2 0 1 0 0
3135.4 -7575.1 -5.6 161 0 4.2 10.3 5.0 2.5 2 1 2 0 0
3100.2 -7585.6 -5.6 161 0 4.2 10.3 2.5 2.5 2 1 1 3 3
3182.5 -7575.2 -5.6 345 0 10.6 6.8 5.0 2.5 2 0 2 4 4
3174.6 -7597.2 -5.5 340 0 10.8 10.1 5.0 2.5 2 0 2 3 3
3202.6 -7622.7 -5.6 343 0 8.5 17.5 5.0 2.5 2 1 2 1 1
3189.6 -7656.7 -5.9 344 0 9.0 17.4 5.0 2.5 2 1 2 1 1
3151.1 -7678.4 -6.0 163 0 3.9 19.6 2.5 2.5 2 1 1 4 4
3194.2 -7748.4 -6.9 77 0 12.8 8.0 2.5 2.5 2 0 1 2 2
3176.5 -7753.7 -6.9 77 0 12.8 8.0 2.5 2.5 2 0 1 0 0
2315.1 -6391.4 -2.2 180 0 12.2 8.5 5.0 0.0 0 0 2 0 0
2315.9 -6443.8 -3.2 180 0 12.2 8.5 2.5 0.0 0 0 1 2 2
2338.5 -6447.8 -3.3 89 0 7.7 13.0 2.5 2.5 4 1 1 3 3
2611.3 -6382.1 -3.2 263 0 6.6 11.9 5.0 2.5 2 1 2 4 4
2498.3 -6034.9 -1.0 267 0 4.9 6.2 2.5 2.5 2 1 1 5 5
2499.4 -6042.6 -1.1 270 0 5.3 5.1 5.0 2.5 2 0 2 5 5
2484.8 -6062.7 -1.2 84 0 14.3 11.9 5.0 2.5 4 0 2 3 3
2443.4 -6056.8 -1.0 177 0 8.2 14.3 5.0 2.5 2 1 2 2 2
2492.4 -6206.3 -2.2 178 0 8.3 33.4 8.0 0.0 0 1 2 4 4
2428.2 -6211.1 -1.7 268 0 17.2 14.4 10.0 0.0 0 0 4 0 0
2478.7 -6516.9 -4.7 83 0 9.4 15.9 5.0 0.0 0 1 2 0 0
2495.4 -6525.5 -5.2 265 0 6.2 17.6 2.5 2.5 2 1 1 3 3
2485.9 -6544.2 -5.3 87 0 10.6 16.1 5.0 0.0 0 1 2 1 1
2225.0 -6262.2 -1.7 179 0 12.8 11.4 2.5 0.0 0 0 1 2 2
2263.4 -6264.6 -1.7 90 0 11.8 16.4 5.0 2.5 4 1 2 5 5
2292.0 -6282.3 -1.9 0 0 16.5 13.3 5.0 2.5 2 0 2 2 2
2440.0 -6677.5 -8.1 172 0 17.6 11.6 2.5 0.0 0 0 1 3 3
2470.8 -6693.8 -8.7 347 0 24.1 13.2 7.5 0.0 0 0 3 2 2
2504.1 -6640.6 -7.5 78 0 13.9 9.9 5.0 0.0 0 0 2 0 0
2479.7 -6688.4 -8.7 180 0 6.5 16.7 5.0 0.0 0 1 2 3 3
2506.3 -6670.1 -8.7 168 0 14.3 10.0 5.0 0.0 0 0 2 0 0
2567.8 -6663.6 -8.2 145 0 15.5 38.9 12.5 2.5 2 1 5 4 4
2495.0 -6583.2 -6.1 87 0 15.4 12.3 5.0 2.5 2 0 2 4 4
2475.3 -6584.9 -6.1 87 0 10.6 13.6 2.5 0.0 0 1 1 1 1
2482.4 -6593.2 -6.5 263 0 13.0 14.5 7.5 0.0 0 1 3 2 2
2566.0 -6285.0 -2.4 356 0 6.8 7.6 2.5 2.5 2 1 1 4 4
2566.5 -6293.9 -2.8 357 0 17.3 7.8 5.0 0.0 0 0 2 2 2
2550.6 -6313.6 -2.7 86 0 4.8 19.0 5.0 2.5 2 1 2 0 0
2542.5 -6314.0 -2.7 87 0 8.2 17.7 2.5 0.0 0 1 1 3 3
2516.1 -6276.0 -2.4 269 0 7.5 18.5 2.5 2.5 2 1 1 4 4
2506.6 -6274.1 -2.2 266 0 4.7 11.9 5.0 2.5 4 1 2 3 3
2224.2 -6245.6 -1.7 89 0 6.2 8.0 5.0 2.5 2 1 2 4 4
2261.6 -6226.3 -1.5 87 0 5.5 9.8 5.0 0.0 0 1 2 2 2
2279.0 -6234.5 -1.6 270 0 7.4 7.3 5.0 2.5 2 0 2 4 4
3665.1 -8171.6 -8.1 310 0 9.3 11.6 10.5 2.5 2 1 3 5 5
2603.1 -6675.2 -7.2 53 0 5.1 5.6 10.5 2.5 2 1 3 4 4
2576.3 -6695.2 -7.9 56 0 4.9 6.8 3.5 2.5 2 0 1 0 0
2580.5 -6692.4 -7.8 236 0 4.9 7.2 2.5 2.5 2 0 1 1 1
2621.9 -6691.2 -7.0 320 0 11.0 8.2 2.5 0.0 0 0 1 0 0
2621.0 -6750.2 -7.2 50 0 7.2 15.0 5.0 2.5 2 1 2 3 3
2596.5 -6694.4 -7.4 221 0 7.1 12.7 5.0 0.0 0 1 2 2 2
2662.8 -6745.3 -6.4 143 0 41.4 6.5 7.5 2.5 4 0 3 2 2
2633.8 -6705.9 -7.1 145 0 52.2 7.0 7.5 0.0 0 0 3 4 4
2459.9 -5831.3 0.6 188 0 11.2 7.4 5.0 0.0 0 0 2 2 2
2526.7 -5729.4 -1.7 359 0 6.8 7.2 5.0 2.5 2 1 2 1 1
2497.0 -5748.0 -1.2 189 0 5.9 5.8 5.0 2.5 2 0 2 1 1
2535.5 -5746.7 -1.8 359 0 5.5 4.9 2.5 0.0 0 0 1 4 4
2511.1 -5753.9 -1.4 183 0 8.0 6.3 5.0 0.0 0 0 2 4 4
2538.9 -5712.6 -2.0 3 0 5.4 5.6 5.0 2.5 2 1 2 3 3
2501.1 -5703.0 -1.5 181 0 6.5 8.5 5.0 0.0 0 1 2 4 4
2503.8 -5691.4 -1.6 179 0 13.3 8.4 2.5 2.5 2 0 1 0 0
2529.8 -5713.6 -1.8 359 0 6.0 6.4 5.0 0.0 0 1 2 0 0
1534.9 -6064.1 -2.5 176 0 27.7 11.0 7.5 2.5 2 0 3 0 0
2478.0 -6007.7 -0.6 262 0 11.6 5.7 5.0 0.0 0 0 2 1 1
2445.6 -6025.2 -0.7 181 0 10.3 15.9 5.0 0.0 0 1 2 5 5
2508.9 -6026.3 -0.9 90 0 6.6 12.4 5.0 0.0 0 1 2 2 2
2475.6 -6026.1 -0.8 89 0 7.0 9.9 2.5 2.5 2 1 1 3 3
1988.7 -5727.3 -2.8 239 0 12.5 17.5 7.0 2.5 4 1 2 4 4
1863.5 -5428.1 -2.0 109 1 14.8 15.0 14.0 3.5 4 1 4 3 3
2668.5 -6397.4 -3.3 349 0 15.6 8.4 7.5 2.5 2 0 3 1 1
2643.6 -6401.1 -3.3 80 0 6.0 5.2 5.0 2.5 2 0 2 4 4
2606.5 -6407.7 -3.3 80 0 9.0 7.4 5.0 2.5 2 0 2 4 4
2596.6 -6420.8 -3.4 79 0 5.1 13.5 5.0 2.5 2 1 2 1 1
2567.1 -6425.5 -3.4 83 0 4.8 12.3 5.0 2.5 2 1 2 2 2
2471.7 -5996.6 -0.5 262 0 6.9 10.0 2.5 0.0 0 1 1 4 4
2365.6 -6162.9 -1.4 356 0 16.5 4.9 10.5 2.5 2 0 3 2 2
2674.6 -6222.6 -2.6 171 0 11.5 13.5 2.5 2.5 2 1 1 1 1
2416.7 -6115.3 -1.3 80 0 9.6 9.1 5.0 2.5 2 0 2 3 3
2416.7 -6089.5 -1.1 266 0 8.9 11.1 7.5 0.0 0 1 3 4 4
2431.0 -6088.0 -1.3 266 0 15.3 12.5 5.0 2.5 2 0 2 5 5
2460.9 -6097.4 -1.4 90 0 12.4 10.3 5.0 2.5 2 0 2 2 2
