1452.1 6480.8 1.5 79 0 41.5 26.7 10.0 0.0 0 0 4 0 0
1394.3 6458.8 1.4 79 0 23.6 28.4 10.0 0.0 0 1 4 1 1
1487.8 6517.7 1.2 347 0 14.0 8.1 7.0 2.5 2 0 2 3 3
1454.8 6538.1 0.6 349 0 27.5 34.9 7.5 0.0 0 1 3 0 0
1446.9 6515.1 1.2 349 0 11.1 19.6 7.0 2.5 2 1 2 3 3
1342.6 6532.1 0.5 248 0 30.3 23.7 7.5 0.0 0 0 3 2 2
1873.4 -3075.0 -2.2 298 0 11.8 10.1 5.0 0.0 0 0 2 3 3
1887.4 -3082.1 -2.3 298 0 11.8 10.1 2.5 2.5 2 0 1 2 2
1851.0 -3081.1 -1.9 298 0 11.8 10.1 7.5 2.5 2 0 3 3 3
1858.9 -3067.5 -2.0 298 0 11.8 10.1 5.0 2.5 2 0 2 5 5
1896.9 -3109.7 -2.2 28 0 10.1 11.8 5.0 2.5 2 1 2 5 5
1904.8 -3096.0 -2.3 28 0 10.1 11.8 10.0 0.0 0 1 4 4 4
1865.4 -3088.1 -2.0 298 0 11.8 10.1 5.0 2.5 2 0 2 5 5
1879.6 -3095.7 -2.1 298 0 11.8 10.1 5.0 2.5 2 0 2 5 5
1810.9 -3048.8 -1.6 208 0 10.1 11.8 10.0 2.5 2 1 4 3 3
1795.6 -3163.3 -2.1 118 0 11.8 10.1 2.5 0.0 0 0 1 1 1
1763.9 -3141.1 -2.0 208 0 10.1 11.8 5.0 0.0 0 1 2 1 1
1809.8 -3170.2 -2.1 118 0 11.8 10.1 7.5 2.5 2 0 3 2 2
1850.6 -3159.9 -2.4 118 0 11.8 10.1 10.0 2.5 2 0 4 1 1
1804.9 -3131.1 -2.1 208 0 10.1 11.8 7.5 2.5 2 1 3 0 0
1822.1 -3145.2 -2.2 118 0 11.8 10.1 2.5 2.5 2 0 1 4 4
1886.8 -3172.8 -2.5 28 0 10.1 11.8 10.0 2.5 2 1 4 5 5
1784.3 -3101.8 -1.9 208 0 10.1 11.8 7.5 2.5 2 1 3 4 4
1798.4 -3109.7 -2.0 208 0 10.1 11.8 7.5 2.5 2 1 3 0 0
1812.9 -3116.5 -2.1 208 0 10.1 11.8 7.5 2.5 2 1 3 5 5
1894.6 -3159.2 -2.5 28 0 10.1 11.8 2.5 2.5 2 1 1 2 2
2097.5 -4825.5 -7.1 193 0 32.3 20.6 10.0 0.0 0 0 4 0 0
