-4703.4 7804.5 12.4 181 0 102.1 46.0 7.5 0.0 0 0 3 1 1
-4535.1 7998.6 13.0 9 0 144.0 162.4 12.5 0.0 0 1 5 4 4
-4675.7 7900.2 13.0 180 0 29.9 161.4 10.0 0.0 0 1 4 0 0
-4790.2 8513.1 12.2 269 0 101.7 626.6 10.0 0.0 0 1 4 5 5
-4242.0 8841.0 18.5 358 0 90.7 45.4 12.5 0.0 0 0 5 2 2
-4258.3 8768.1 18.3 89 0 31.9 17.1 7.5 0.0 0 0 3 5 5
-2510.4 2229.0 -16.4 347 0 182.2 118.0 7.5 0.0 0 0 3 4 4
-2654.5 2321.5 -14.4 169 0 11.3 22.1 7.5 2.5 4 1 3 4 4
-2586.2 2338.4 -14.2 349 0 11.3 22.1 7.5 2.5 2 1 3 1 1
-1564.4 1199.9 -25.2 88 0 203.5 80.5 7.5 0.0 0 0 3 1 1
-1574.1 998.8 -26.1 47 0 102.1 191.1 10.0 0.0 0 1 4 2 2
-1602.5 928.7 -26.3 358 0 45.5 76.6 7.5 0.0 0 1 3 1 1
-1937.4 1603.1 -22.7 267 0 99.8 162.9 15.0 0.0 0 1 6 4 4
-2111.3 1478.7 -22.0 267 0 121.9 126.6 10.0 0.0 0 1 4 4 4
-2273.9 1336.0 -21.2 88 0 207.0 59.2 10.0 0.0 0 0 4 0 0
-2274.6 1411.8 -20.9 88 0 207.0 59.2 7.5 0.0 0 0 3 4 4
