1916.9 -12609.0 -21.4 275 0 7.6 10.6 10.5 3.5 2 0 3 5 5
1900.5 -12607.2 -21.6 275 0 7.6 10.6 10.5 3.5 2 0 3 3 3
1932.5 -12633.3 -21.1 95 0 7.6 10.6 10.5 3.5 2 0 3 1 1
1954.5 -12611.2 -21.1 275 0 7.5 11.0 10.5 3.5 2 1 3 2 2
525.1 -12156.4 -18.7 275 0 450.9 240.4 14.0 0.0 0 0 4 1 1
1924.5 -12609.6 -21.3 275 0 7.6 10.6 10.5 3.5 2 0 3 1 1
1940.1 -12633.9 -21.3 95 0 7.6 10.6 10.5 3.5 2 0 3 5 5
1905.4 -12632.0 -21.3 95 0 7.6 10.6 10.5 3.5 2 0 3 4 4
1908.0 -12607.8 -21.6 275 0 7.6 10.6 10.5 3.5 2 0 3 4 4
-561.0 1863.1 8.6 276 0 128.3 202.9 12.5 0.0 0 1 5 2 2
