5994.8 4807.3 -8.9 173 0 86.6 60.6 7.5 0.0 0 0 3 0 0
6234.1 5691.5 -2.9 267 0 75.9 41.2 10.0 0.0 0 0 4 0 0
-4609.4 5824.1 -3.8 357 0 10.0 16.2 5.0 2.5 2 1 2 5 5
-4559.4 5829.8 -4.1 267 0 16.2 10.0 7.5 2.5 2 0 3 5 5
-4548.9 5826.5 -4.2 177 0 10.0 16.2 2.5 2.5 2 1 1 0 0
-4550.4 5852.8 -4.2 177 0 10.0 16.2 7.5 2.5 2 1 3 1 1
-4560.1 5836.1 -4.1 87 0 16.2 10.0 5.0 2.5 2 0 2 0 0
-4579.4 5834.8 -4.0 87 0 16.2 10.0 5.0 2.5 2 0 2 0 0
-4591.3 5851.5 -3.8 357 0 10.0 16.2 7.5 0.0 0 1 3 2 2
-4598.8 5833.3 -3.9 87 0 16.2 10.0 5.0 2.5 2 0 2 0 0
-4618.2 5832.2 -3.8 87 0 16.2 10.0 5.0 2.5 2 0 2 4 4
-4619.4 5859.0 -3.7 87 0 16.2 10.0 7.5 2.5 2 0 3 1 1
-4600.2 5860.0 -3.8 87 0 16.2 10.0 2.5 0.0 0 0 1 2 2
-4580.6 5860.7 -3.9 87 0 16.2 10.0 5.0 2.5 2 0 2 5 5
-4561.9 5861.8 -4.0 87 0 16.2 10.0 5.0 2.5 2 0 2 3 3
-4545.4 5872.5 -4.1 267 0 16.2 10.0 7.5 2.5 2 0 3 1 1
5109.1 6060.2 -5.8 185 0 8.7 18.6 7.5 0.0 0 1 3 4 4
-6357.7 -4110.8 -0.3 71 0 9.2 10.8 10.5 3.5 2 1 3 1 1
-6445.3 -4151.7 -0.4 256 0 9.9 13.7 10.5 0.0 0 1 3 5 5
