818.3 7101.2 -11.9 140 0 105.7 21.5 5.0 0.0 0 0 2 5 5
2588.0 6666.2 -10.7 283 0 266.2 63.2 12.5 0.0 0 0 5 4 4
3040.1 7194.4 -3.4 284 0 55.8 204.1 10.0 0.0 0 1 4 0 0
2968.7 7211.8 -8.7 284 0 65.7 393.2 12.5 0.0 0 1 5 5 5
2023.5 7238.4 -12.7 13 0 66.9 114.4 10.0 0.0 0 1 4 4 4
2188.2 7309.4 -13.7 14 0 37.9 280.7 10.0 0.0 0 1 4 2 2
2235.0 7387.1 -14.2 13 0 45.0 89.8 5.0 0.0 0 1 2 5 5
2263.2 7700.1 -14.8 283 0 170.2 270.3 12.5 0.0 0 1 5 0 0
135.0 7047.4 -18.1 140 0 11.9 20.6 5.0 2.5 2 1 2 1 1
551.6 7261.8 -14.2 229 0 11.8 20.6 10.0 0.0 0 1 4 2 2
937.5 7001.0 -10.9 332 0 34.2 23.2 7.5 2.5 2 0 3 0 0
386.4 6755.2 -15.8 50 0 10.7 9.2 5.0 2.5 2 0 2 0 0
420.5 6815.2 -15.5 48 0 15.7 13.2 7.5 2.5 2 0 3 5 5
730.3 6826.7 -12.6 50 0 5.7 14.7 7.5 2.5 2 1 3 4 4
1446.9 5795.3 -6.2 14 0 80.2 27.2 7.5 0.0 0 0 3 1 1
1466.5 5878.7 -6.0 14 0 80.6 26.7 10.0 0.0 0 0 4 2 2
1636.8 5653.8 -5.5 283 0 121.6 69.7 10.0 0.0 0 0 4 2 2
1274.9 5746.0 -7.1 202 0 20.1 24.5 10.0 2.5 4 1 4 4 4
1273.3 5784.4 -7.1 178 0 45.1 15.9 10.0 2.5 2 0 4 1 1
1244.5 5823.1 -7.4 356 0 11.5 6.8 7.5 2.5 2 0 3 5 5
1382.3 5615.5 -6.6 0 0 13.5 12.1 2.5 2.5 2 0 1 2 2
1382.1 5636.7 -6.7 360 0 12.4 20.8 7.5 2.5 2 1 3 1 1
1382.2 5653.8 -6.7 0 0 10.0 24.4 7.5 2.5 2 1 3 5 5
2149.5 4691.8 -10.6 108 0 11.2 8.9 5.0 2.5 2 0 2 5 5
3795.3 9061.6 -8.1 198 0 61.2 128.4 10.0 0.0 0 1 4 2 2
6263.7 9914.3 0.6 277 0 28.4 13.3 7.5 0.0 0 0 3 4 4
-5402.2 9398.2 -14.4 180 0 9.4 17.3 7.5 2.5 2 1 3 3 3
6189.6 10120.7 3.1 89 0 16.6 12.1 5.0 0.0 0 0 2 2 2
6201.9 10054.4 2.1 357 0 9.6 16.9 7.5 2.5 2 1 3 0 0
6125.2 9993.8 1.0 62 0 26.8 10.1 7.5 2.5 2 0 3 0 0
6289.4 9910.3 0.5 274 0 15.0 34.4 7.5 2.5 2 1 3 5 5
-5469.6 8988.0 -13.5 85 0 14.9 29.0 10.0 0.0 0 1 4 3 3
