-8.6 3417.7 0.7 269 0 56.4 52.3 14.0 0.0 0 0 4 2 2
-284.2 4058.9 -4.0 188 0 91.8 89.4 14.0 0.0 0 0 4 3 3
954.8 7341.9 -0.5 169 0 32.8 15.0 17.5 3.5 2 0 5 3 3
1821.3 7381.4 -6.2 270 0 51.3 35.4 14.0 0.0 0 0 4 2 2
1696.9 7442.8 -5.8 270 0 9.5 19.6 10.5 3.5 2 0 3 3 3
1763.7 7372.0 -6.7 272 0 8.7 5.5 10.5 3.5 2 0 3 2 2
1763.7 7349.6 -6.7 89 0 9.2 7.4 10.5 3.5 2 0 3 1 1
1744.2 7333.5 -6.8 91 0 9.9 38.9 10.5 3.5 2 1 3 3 3
1545.0 7380.6 -5.4 180 0 32.5 7.5 10.5 3.5 2 0 3 2 2
1550.7 7471.4 -4.1 1 0 9.0 12.1 10.5 3.5 2 1 3 5 5
1837.2 7326.6 -3.2 91 0 7.9 10.6 10.5 3.5 2 1 3 4 4
1857.1 7327.4 -3.0 91 0 7.8 10.3 10.5 3.5 2 1 3 4 4
1688.2 7481.6 -5.1 91 0 10.1 10.3 17.5 3.5 2 1 5 3 3
1654.4 7485.8 -4.9 90 0 54.2 25.6 17.5 3.5 2 0 5 4 4
1527.3 7502.0 -4.0 181 0 43.5 23.5 17.5 0.0 0 0 5 0 0
1528.7 7546.7 -2.9 181 0 33.1 24.8 17.5 0.0 0 0 5 0 0
1556.0 7746.3 -2.5 180 0 16.9 9.6 10.5 3.5 4 0 3 4 4
1494.4 7313.1 -5.6 173 0 11.8 21.5 17.5 3.5 2 1 5 5 5
1492.9 7336.2 -5.4 179 0 17.8 24.8 17.5 3.5 2 1 5 2 2
1536.2 7349.3 -5.3 1 0 4.1 24.3 10.5 3.5 2 1 3 4 4
1495.8 7379.8 -4.8 181 0 5.8 8.7 10.5 3.5 2 1 3 5 5
1494.1 7372.7 -4.8 182 0 6.9 7.6 10.5 3.5 2 1 3 4 4
1495.3 7387.9 -4.7 181 0 5.6 9.2 10.5 3.5 2 1 3 4 4
974.4 8164.6 -1.6 280 0 15.8 28.1 17.5 0.0 0 1 5 2 2
942.6 8257.8 -3.3 246 0 8.5 10.2 10.5 3.5 2 0 3 2 2
977.4 8221.2 -2.5 168 0 17.2 15.3 14.0 3.5 2 0 4 5 5
965.5 8243.4 -2.7 165 0 37.4 8.4 10.5 3.5 2 0 3 0 0
972.8 8171.3 -1.8 79 0 6.1 14.8 10.5 0.0 0 1 3 3 3
951.8 8183.0 -1.9 166 0 7.5 6.2 10.5 3.5 2 0 3 0 0
954.6 8227.3 -2.8 352 0 6.0 8.0 10.5 0.0 0 0 3 2 2
938.7 8233.0 -3.0 175 0 8.5 14.2 10.5 0.0 0 0 3 2 2
991.6 8170.9 -1.5 173 0 10.0 7.5 10.5 0.0 0 0 3 5 5
984.9 8187.5 -1.7 155 0 10.7 9.9 10.5 3.5 2 0 3 2 2
865.2 8168.7 -2.8 92 0 7.3 30.7 10.5 3.5 2 1 3 2 2
891.3 8176.0 -2.4 360 0 21.0 10.0 14.0 3.5 2 0 4 2 2
877.0 8168.1 -2.5 92 0 8.8 22.2 10.5 3.5 2 0 3 5 5
923.6 8167.3 -2.0 94 0 6.7 14.2 10.5 3.5 2 1 3 5 5
898.1 8175.1 -2.3 183 0 16.5 8.1 10.5 3.5 2 0 3 5 5
917.4 8177.3 -2.2 359 0 13.5 9.7 10.5 3.5 2 0 3 2 2
910.3 8159.4 -1.9 270 0 12.7 19.2 17.5 3.5 2 1 5 1 1
877.2 8159.6 -2.2 270 0 27.2 20.5 17.5 3.5 2 0 5 1 1
841.7 8159.1 -2.4 271 0 19.2 20.6 17.5 3.5 2 1 5 4 4
814.2 8119.7 -2.5 181 0 6.9 6.3 10.5 3.5 4 0 3 1 1
813.9 8127.6 -2.5 178 0 6.1 5.6 10.5 3.5 2 0 3 0 0
981.0 8121.5 -1.0 162 0 8.7 6.3 10.5 3.5 2 0 3 4 4
982.0 8111.9 -0.9 170 0 4.6 10.4 10.5 3.5 2 1 3 3 3
981.7 8105.7 -0.8 173 0 4.6 10.4 10.5 3.5 4 1 3 5 5
-6044.5 2133.5 -2.6 91 0 5.3 8.2 2.5 2.5 2 1 1 2 2
-6029.8 2122.7 -2.7 184 0 15.8 5.9 5.0 2.5 4 0 2 5 5
-6031.1 2055.3 -2.9 95 0 34.0 55.3 7.5 0.0 0 1 3 1 1
-6031.8 2151.7 -2.7 192 0 11.1 8.1 7.5 2.5 2 0 3 5 5
-5978.2 2148.3 -3.1 6 0 12.2 12.0 2.5 2.5 4 0 1 0 0
-6144.0 1995.9 -3.4 90 0 10.5 33.8 10.0 2.5 2 1 4 5 5
-6019.6 2177.1 -1.6 95 0 8.4 7.8 7.5 2.5 2 0 3 3 3
-6091.5 2706.2 4.9 179 0 25.3 30.5 10.0 0.0 0 1 4 2 2
-6073.8 2198.0 -0.5 270 0 11.8 11.7 5.0 2.5 4 0 2 2 2
-6049.8 2135.6 -2.5 6 0 8.8 8.5 5.0 2.5 2 0 2 3 3
-6091.0 2649.3 4.9 179 0 74.1 33.0 12.5 0.0 0 0 5 3 3
-6056.7 2169.1 -1.7 6 0 9.0 9.0 5.0 2.5 2 1 2 3 3
-6088.1 2167.8 -1.6 186 0 9.9 8.7 7.5 2.5 2 0 3 5 5
-6066.5 2132.8 -2.4 98 0 8.2 10.9 7.5 2.5 2 1 3 0 0
-6054.7 2128.0 -2.5 275 0 6.7 10.8 2.5 2.5 4 1 1 4 4
-6069.7 2125.0 -2.4 183 0 8.8 7.1 2.5 2.5 2 0 1 5 5
1069.4 7632.6 -1.7 180 0 25.8 25.6 17.5 0.0 0 0 5 4 4
1713.2 7379.9 -6.6 270 0 53.1 7.3 10.5 3.5 2 0 3 1 1
3313.7 6795.3 -4.3 358 0 30.0 32.6 14.0 0.0 0 1 4 2 2
3479.6 7346.0 -4.7 341 0 51.7 40.2 31.5 0.0 0 0 9 5 5
3834.5 6874.0 -8.1 172 0 10.2 9.2 10.5 3.5 2 0 3 5 5
4037.1 7171.7 -7.9 177 0 18.9 43.9 14.0 3.5 2 1 4 1 1
3965.5 8191.1 -7.8 6 0 12.7 21.6 14.0 0.0 0 1 4 5 5
-298.8 4103.0 -1.7 356 0 21.3 41.7 14.0 0.0 0 1 4 4 4
-605.4 6072.2 -6.8 284 0 17.1 38.7 17.5 3.5 2 1 5 5 5
-533.7 4682.5 -4.3 54 0 44.9 23.8 14.0 0.0 0 0 4 3 3
-240.1 4265.2 -1.9 62 0 12.2 28.3 14.0 3.5 2 1 4 5 5
-2091.7 6822.8 -2.9 57 0 158.3 111.0 14.0 0.0 0 0 4 2 2
238.9 4086.0 0.5 272 0 65.9 57.4 14.0 0.0 0 0 4 4 4
-2323.3 5404.7 -3.2 350 0 8.7 17.7 10.5 3.5 2 1 3 2 2
-161.9 3763.1 -0.9 94 0 20.0 67.8 14.0 3.5 2 1 4 1 1
-3091.1 6867.3 -2.8 101 0 21.1 11.8 14.0 3.5 4 0 4 5 5
-3117.2 6872.9 -2.8 99 0 17.2 9.7 10.5 3.5 2 0 3 4 4
-3134.7 6877.5 -2.8 100 0 12.0 14.5 14.0 3.5 2 1 4 1 1
-3113.0 6885.0 -2.9 103 0 21.1 10.9 14.0 3.5 2 0 4 2 2
-3076.9 6883.4 -2.8 12 0 9.7 21.9 10.5 3.5 2 1 3 0 0
-3120.6 6909.9 -3.0 191 0 16.0 24.0 14.0 3.5 2 1 4 3 3
-3076.8 6903.8 -3.0 9 0 18.0 17.2 14.0 3.5 2 0 4 1 1
-1347.6 3331.6 -2.1 239 0 18.2 18.3 14.0 3.5 2 1 4 5 5
-1300.4 3336.6 -2.6 61 0 16.5 15.7 14.0 3.5 2 0 4 2 2
-725.0 9852.1 -11.2 207 0 9.8 8.7 10.5 3.5 2 0 3 5 5
-707.9 9838.0 -11.3 26 0 13.7 8.8 10.5 3.5 4 0 3 4 4
-732.9 9784.5 -11.2 25 0 16.9 9.2 10.5 3.5 2 0 3 1 1
-731.8 9840.7 -11.3 207 0 14.4 10.9 14.0 3.5 2 0 4 5 5
-715.6 9821.2 -11.4 25 0 12.3 9.3 10.5 3.5 2 0 3 2 2
-740.1 9825.0 -11.3 205 0 13.8 11.9 14.0 3.5 2 0 4 5 5
-721.9 9803.1 -11.4 26 0 15.2 10.5 14.0 3.5 2 0 4 0 0
-747.3 9810.7 -11.3 208 0 13.2 11.6 14.0 3.5 2 0 4 1 1
-753.9 9794.9 -11.1 206 0 17.7 10.8 14.0 3.5 2 0 4 2 2
-738.4 9767.2 -11.1 26 0 14.4 11.4 14.0 3.5 2 0 4 1 1
-763.5 9776.7 -10.9 204 0 16.6 11.5 14.0 3.5 2 0 4 5 5
-765.6 9753.3 -10.4 117 0 9.1 10.8 10.5 3.5 2 1 3 2 2
-754.1 9747.8 -10.7 118 0 11.3 14.8 14.0 0.0 0 1 4 3 3
-157.3 4482.0 -2.2 271 0 97.0 49.4 10.5 0.0 0 0 3 2 2
295.4 3505.0 -0.5 85 0 47.7 37.5 14.0 0.0 0 0 4 2 2
1228.0 1925.1 -8.4 146 0 11.0 22.4 14.0 3.5 2 1 4 2 2
-1258.4 1182.2 -3.8 163 0 14.4 25.5 10.0 2.5 2 1 4 4 4
-1274.9 1171.8 -3.8 166 0 26.5 14.4 7.5 2.5 2 0 3 2 2
-590.7 2704.0 -1.3 166 0 26.6 9.7 10.5 3.5 2 0 3 3 3
1323.6 8732.3 0.2 3 0 13.7 23.3 14.0 0.0 0 1 4 0 0
1317.0 8760.1 0.1 272 0 21.7 16.6 14.0 3.5 2 0 4 3 3
-4960.8 8196.4 -8.0 261 0 10.5 38.3 10.0 2.5 2 1 4 0 0
-4987.3 8143.9 -7.5 171 0 26.0 19.6 10.0 2.5 2 0 4 5 5
-4984.6 8187.9 -7.9 261 0 18.6 19.5 10.0 2.5 2 1 4 4 4
1900.5 2791.3 -3.4 267 0 15.0 23.4 14.0 3.5 2 1 4 4 4
1880.1 2792.9 -3.3 265 0 8.2 13.0 10.5 3.5 2 1 3 4 4
1885.5 2760.7 -3.1 88 0 11.2 8.4 10.5 3.5 2 0 3 0 0
3499.2 2963.7 -4.8 266 0 19.0 14.9 14.0 3.5 2 0 4 3 3
3473.1 2964.9 -4.6 266 0 23.3 18.4 14.0 0.0 0 0 4 1 1
3436.4 2956.9 -4.2 177 0 14.6 19.9 14.0 3.5 2 1 4 4 4
-560.2 2712.5 -1.3 343 0 27.2 19.2 10.5 3.5 2 0 3 0 0
-400.8 2213.1 -1.9 186 0 7.2 10.7 10.5 3.5 2 1 3 5 5
-402.1 2203.8 -2.1 186 0 7.2 10.7 10.5 0.0 0 1 3 3 3
-404.4 2195.3 -2.2 186 0 7.2 10.7 10.5 3.5 4 1 3 4 4
-404.9 2186.5 -2.3 186 0 7.2 10.7 10.5 0.0 0 1 3 2 2
-406.2 2177.6 -2.3 186 0 7.2 10.7 10.5 3.5 2 1 3 3 3
-407.4 2169.0 -2.4 186 0 7.2 10.7 10.5 3.5 2 1 3 0 0
-407.8 2160.2 -2.5 186 0 7.2 10.7 10.5 3.5 2 1 3 1 1
-409.8 2152.6 -2.6 186 0 7.2 10.7 10.5 3.5 2 1 3 1 1
3162.8 4297.4 -6.9 208 0 22.7 14.6 14.0 3.5 2 0 4 1 1
3191.8 4282.9 -6.8 28 0 22.7 14.6 14.0 3.5 2 0 4 2 2
3162.6 4261.1 -6.9 118 0 29.3 18.9 14.0 3.5 2 0 4 3 3
-2867.1 6781.8 -2.7 0 0 10.2 8.4 10.5 3.5 4 0 3 4 4
556.7 3293.6 -1.6 290 0 8.3 11.5 10.5 3.5 2 1 3 3 3
610.7 3351.1 -2.0 282 0 9.3 10.6 10.5 3.5 2 1 3 1 1
602.9 3384.2 -2.2 192 0 10.3 8.7 10.5 0.0 0 0 3 2 2
550.6 3252.1 -1.5 291 0 8.9 10.4 10.5 3.5 2 1 3 5 5
631.2 3394.7 -2.4 102 0 9.7 10.9 10.5 3.5 2 1 3 1 1
521.8 3280.8 -1.4 201 0 11.2 8.3 10.5 3.5 2 0 3 0 0
552.9 3331.7 -1.8 282 0 10.5 13.4 14.0 3.5 2 0 4 3 3
487.0 3354.3 -1.3 10 0 15.9 9.0 10.5 3.5 2 0 3 2 2
404.7 3351.4 -1.0 281 0 30.1 15.4 14.0 3.5 2 0 4 5 5
568.8 3289.5 -1.6 291 0 7.2 10.2 10.5 0.0 0 1 3 1 1
628.0 3381.5 -2.2 282 0 5.0 7.1 10.5 3.5 2 1 3 2 2
561.9 3248.8 -1.5 291 0 8.9 8.9 10.5 3.5 2 1 3 5 5
582.9 3404.0 -2.1 192 0 9.0 14.4 10.5 3.5 2 1 3 0 0
428.8 3354.2 -1.1 101 0 9.3 14.8 10.5 3.5 2 1 3 0 0
527.2 3296.3 -1.5 201 0 10.0 7.7 10.5 3.5 2 0 3 3 3
570.5 3314.2 -1.8 102 0 10.4 13.4 14.0 3.5 2 0 4 2 2
600.8 3337.8 -1.9 282 0 8.7 13.6 10.5 3.5 2 1 3 1 1
601.0 3369.9 -2.1 192 0 10.2 7.6 10.5 3.5 2 0 3 1 1
536.9 3255.2 -1.5 290 0 11.4 12.8 14.0 3.5 4 1 4 4 4
563.2 3350.6 -1.9 11 0 24.2 24.4 14.0 3.5 2 1 4 1 1
580.1 3391.2 -2.1 192 0 11.1 15.0 10.5 3.5 2 1 3 3 3
547.7 3266.1 -1.5 111 0 7.7 11.7 10.5 3.5 2 1 3 0 0
459.4 3370.6 -1.2 280 0 37.7 12.2 10.5 3.5 2 0 3 1 1
595.0 3349.0 -2.0 192 0 10.6 8.2 10.5 3.5 2 0 3 4 4
570.7 3259.5 -1.5 111 0 6.5 11.6 10.5 3.5 2 1 3 3 3
619.3 3385.4 -2.2 282 0 8.1 10.2 10.5 3.5 2 1 3 5 5
559.8 3263.5 -1.5 111 0 7.3 11.1 10.5 3.5 2 1 3 3 3
563.1 3329.5 -1.8 282 0 10.4 13.4 14.0 3.5 2 0 4 3 3
571.3 3356.4 -2.0 192 0 11.5 16.5 10.5 3.5 2 1 3 3 3
513.6 3256.4 -1.5 201 0 10.6 11.4 14.0 3.5 2 1 4 3 3
536.3 3270.8 -1.5 110 0 9.2 10.8 10.5 3.5 2 1 3 3 3
544.5 3297.4 -1.6 291 0 8.1 11.0 10.5 3.5 2 1 3 0 0
576.1 3340.8 -1.9 282 0 17.5 11.7 14.0 3.5 2 0 4 0 0
570.4 3394.8 -1.9 11 0 27.1 21.5 14.0 3.5 2 0 4 4 4
582.0 3279.8 -1.6 20 0 11.4 7.8 10.5 3.5 2 0 3 1 1
580.8 3312.1 -1.8 102 0 10.5 13.4 14.0 3.5 2 0 4 5 5
614.4 3361.2 -2.2 102 0 9.5 11.4 10.5 3.5 2 1 3 2 2
588.3 3365.9 -2.1 48 0 10.4 7.7 10.5 3.5 2 0 3 0 0
609.1 3405.2 -2.4 192 0 9.7 15.9 10.5 3.5 2 1 3 2 2
596.9 3315.5 -1.8 12 0 13.4 9.8 10.5 3.5 2 0 3 4 4
3870.1 4303.4 -3.9 5 0 35.9 53.6 14.0 0.0 0 1 4 1 1
2771.0 5390.5 -7.0 274 0 31.1 105.0 7.5 0.0 0 1 3 0 0
2841.9 5376.6 -6.4 274 0 84.8 97.6 10.0 0.0 0 1 4 5 5
2664.7 5348.1 -8.1 184 0 107.0 77.1 10.0 0.0 0 0 4 0 0
2691.1 5519.5 -7.6 278 0 37.5 80.3 10.0 0.0 0 1 4 5 5
3906.4 8922.7 -14.6 157 0 9.4 76.1 7.5 2.5 2 1 3 5 5
3908.1 8936.4 -14.1 67 0 10.6 17.1 7.5 2.5 2 1 3 1 1
3901.2 8928.3 -14.1 342 0 24.0 17.3 7.5 2.5 2 0 3 1 1
3835.9 9156.0 -12.7 22 0 75.1 41.2 14.0 0.0 0 0 4 5 5
630.5 4153.3 -2.9 357 0 15.7 24.5 14.0 3.5 2 1 4 2 2
987.3 4991.4 -3.0 189 0 19.5 18.1 14.0 3.5 2 0 4 2 2
389.9 4977.7 -2.1 97 0 32.7 56.1 17.5 0.0 0 1 5 1 1
559.0 5065.5 -2.5 180 0 8.2 20.2 10.5 3.5 2 1 3 0 0
909.6 4890.8 -4.6 95 0 24.8 24.1 17.5 3.5 2 0 5 3 3
724.0 4988.3 -2.7 262 0 16.7 13.1 17.5 3.5 4 0 5 4 4
548.6 4977.3 -3.6 177 0 41.0 33.7 17.5 0.0 0 0 5 4 4
-498.0 4598.5 -3.8 60 0 46.8 60.9 14.0 0.0 0 1 4 2 2
-602.0 4546.6 -1.6 228 0 30.0 48.2 38.5 0.0 0 1 11 1 1
1857.5 5197.8 -6.3 271 0 23.3 19.0 17.5 3.5 2 0 5 0 0
-4274.8 7600.1 -8.0 0 0 16.1 49.9 10.5 3.5 2 1 3 0 0
-4331.1 7624.7 -7.3 176 0 9.8 13.0 10.5 3.5 2 1 3 2 2
-4260.2 7624.9 -7.3 3 0 20.0 54.6 10.5 3.5 2 1 3 2 2
-1343.6 4202.7 0.8 77 0 24.1 31.5 12.5 0.0 0 1 5 3 3
-4827.4 7723.5 -5.4 154 0 10.9 15.0 2.5 0.0 0 1 1 5 5
-4811.6 7730.4 -5.3 154 0 10.9 15.0 5.0 2.5 2 1 2 4 4
-4812.7 7749.9 -5.2 244 0 15.0 10.9 5.0 2.5 2 0 2 4 4
-4796.7 7756.3 -5.1 244 0 15.0 10.9 5.0 2.5 2 0 2 4 4
-4783.2 7744.1 -5.3 334 0 10.9 15.0 5.0 2.5 2 1 2 2 2
-4774.6 7726.9 -5.4 334 0 10.9 15.0 7.5 2.5 4 1 3 3 3
-4774.5 7707.0 -5.5 64 0 15.0 10.9 5.0 2.5 2 0 2 5 5
-4804.6 7714.5 -5.5 154 0 10.9 15.0 7.5 2.5 2 1 3 1 1
-4799.2 7700.3 -5.7 154 0 10.9 15.0 5.0 2.5 4 1 2 2 2
-4818.6 7706.9 -5.6 154 0 10.9 15.0 5.0 2.5 4 1 2 3 3
-4814.0 7694.5 -5.9 154 0 10.9 15.0 2.5 2.5 2 1 1 2 2
-4839.4 7412.0 -5.7 78 0 14.4 23.4 7.5 2.5 2 1 3 1 1
-4852.2 7459.1 -5.2 257 0 22.9 20.9 7.5 0.0 0 0 3 1 1
-4862.1 7409.6 -5.8 77 0 22.9 20.9 10.0 2.5 2 0 4 3 3
-4900.3 7412.8 -5.9 167 0 20.9 22.9 5.0 2.5 2 1 2 0 0
-4898.1 7473.6 -5.1 257 0 22.9 20.9 7.5 2.5 2 0 3 1 1
-4905.3 7438.7 -5.4 167 0 20.9 22.9 7.5 2.5 2 1 3 1 1
-5055.8 7841.1 -4.0 174 0 30.2 21.9 10.0 0.0 0 0 4 5 5
-5052.5 7810.1 -4.3 174 0 30.2 21.9 15.0 0.0 0 0 6 1 1
-4997.9 7931.3 -4.6 252 0 8.2 12.8 7.5 2.5 4 1 3 1 1
-4976.1 7939.0 -4.7 252 0 9.1 12.2 5.0 2.5 4 1 2 5 5
-4967.4 7943.1 -4.8 252 0 9.1 12.2 5.0 2.5 2 1 2 0 0
-4999.9 7900.9 -4.4 72 0 9.1 12.2 2.5 2.5 2 1 1 4 4
-4989.4 7906.7 -4.5 72 0 9.1 12.2 7.5 2.5 2 1 3 4 4
-4979.9 7909.4 -4.5 72 0 9.1 12.2 7.5 2.5 2 1 3 1 1
-4970.2 7913.4 -4.5 72 0 9.1 12.2 2.5 2.5 2 1 1 0 0
-4959.1 7917.0 -4.6 72 0 9.1 12.2 7.5 2.5 2 1 3 2 2
-4949.7 7920.7 -4.6 72 0 9.1 12.2 5.0 2.5 2 1 2 5 5
-4940.3 7924.1 -4.7 72 0 9.1 12.2 7.5 2.5 2 1 3 5 5
-4930.3 7928.1 -4.7 72 0 9.1 12.2 5.0 2.5 4 1 2 0 0
-4920.4 7931.5 -4.8 74 0 9.5 12.3 5.0 2.5 2 1 2 3 3
-4911.6 7936.0 -4.8 74 0 9.5 12.3 7.5 2.5 2 1 3 5 5
-4940.0 7889.7 -4.2 339 0 14.6 11.8 7.5 2.5 4 0 3 2 2
-4934.5 7875.1 -4.0 339 0 14.6 11.8 2.5 2.5 4 0 1 4 4
-4930.1 7860.4 -3.9 339 0 14.6 11.8 7.5 2.5 2 0 3 4 4
-4924.8 7845.8 -4.0 339 0 14.6 11.8 5.0 2.5 2 0 2 0 0
-4950.2 7866.4 -3.9 72 0 9.1 12.2 7.5 2.5 2 1 3 4 4
-4959.7 7862.2 -3.9 72 0 9.1 12.2 7.5 2.5 2 1 3 0 0
-4969.8 7857.9 -3.8 72 0 9.1 12.2 7.5 2.5 2 1 3 5 5
-4985.5 7858.8 -3.8 162 0 12.2 9.1 5.0 2.5 2 0 2 0 0
-4947.3 7855.9 -3.9 250 0 8.7 11.4 7.5 2.5 2 0 3 5 5
-4954.9 7853.2 -3.9 251 0 7.5 11.4 5.0 2.5 2 0 2 0 0
-4961.5 7850.8 -3.9 250 0 6.7 11.4 7.5 2.5 4 0 3 0 0
-4968.8 7848.0 -3.9 248 0 8.6 11.4 7.5 2.5 2 0 3 5 5
-4977.6 7838.4 -4.0 158 0 11.3 7.0 5.0 2.5 2 0 2 0 0
-4938.9 7832.5 -4.0 70 0 8.7 11.4 2.5 2.5 2 0 1 3 3
-4946.5 7829.8 -4.0 71 0 7.5 11.4 5.0 2.5 2 0 2 3 3
-4953.2 7827.4 -4.0 70 0 6.7 11.4 2.5 2.5 2 0 1 3 3
-4960.5 7824.6 -4.0 68 0 8.6 11.4 5.0 2.5 2 0 2 0 0
-4973.0 7825.8 -4.1 158 0 11.3 7.0 5.0 2.5 2 0 2 4 4
-4974.0 7780.9 -4.7 253 0 10.9 7.7 5.0 2.5 2 0 2 2 2
-4971.2 7787.9 -4.5 343 0 7.7 10.9 5.0 2.5 2 1 2 3 3
-4974.4 7797.7 -4.3 343 0 7.7 10.9 2.5 2.5 2 1 1 5 5
-4977.9 7807.5 -4.2 343 0 7.7 10.9 7.5 2.5 2 1 3 1 1
-4981.6 7817.4 -4.1 343 0 7.7 10.9 5.0 2.5 2 1 2 1 1
-4985.1 7827.6 -4.1 343 0 7.7 10.9 5.0 2.5 2 1 2 5 5
-4988.9 7837.2 -4.0 343 0 7.7 10.9 7.5 2.5 2 1 3 5 5
-4992.2 7847.2 -3.9 338 0 8.2 11.5 2.5 2.5 2 1 1 5 5
-4996.1 7856.7 -3.9 338 0 8.2 11.5 7.5 2.5 2 1 3 0 0
-4999.9 7866.6 -3.8 338 0 8.2 11.5 5.0 2.5 2 1 2 2 2
-4906.7 7899.4 -4.4 340 0 15.8 11.7 7.5 2.5 2 0 3 3 3
-4901.6 7884.9 -4.2 340 0 14.9 11.7 7.5 0.0 0 0 3 5 5
-4896.3 7870.2 -4.0 340 0 16.3 11.7 2.5 2.5 2 0 1 0 0
-4912.2 7914.6 -4.5 340 0 16.5 11.7 10.0 2.5 2 0 4 5 5
-4937.2 7904.3 -4.5 160 0 16.5 11.7 5.0 2.5 2 0 2 4 4
-4931.7 7889.1 -4.3 160 0 15.8 11.7 5.0 2.5 2 0 2 2 2
-4926.5 7874.7 -4.1 160 0 14.9 11.7 5.0 2.5 2 0 2 4 4
-4921.3 7860.0 -3.9 160 0 16.3 11.7 5.0 2.5 4 0 2 4 4
-513.9 4449.1 -2.6 230 0 19.5 26.0 10.5 3.5 2 1 3 5 5
3264.6 6320.8 -10.5 270 0 9.7 15.1 10.5 3.5 2 1 3 1 1
1919.9 4251.0 -3.1 79 0 12.6 22.1 7.5 2.5 4 1 3 3 3
-242.3 3684.9 -1.3 116 0 23.4 66.4 14.0 3.5 2 1 4 0 0
109.8 6180.9 -2.5 22 0 14.6 42.7 7.0 3.5 2 1 2 4 4
159.8 6134.3 -2.8 19 0 18.5 17.8 7.0 3.5 2 0 2 5 5
89.7 6102.1 -3.7 202 0 32.2 59.8 3.5 0.0 0 1 1 4 4
772.0 3635.5 -3.7 197 0 214.7 75.3 10.5 0.0 0 0 3 0 0
2461.3 2208.9 -1.3 185 0 78.9 103.2 14.0 0.0 0 1 4 2 2
1639.2 4158.6 -3.3 277 0 43.9 22.6 10.5 0.0 0 0 3 0 0
-301.2 6539.1 -3.3 82 0 10.3 17.6 17.5 0.0 0 1 5 0 0
150.2 6685.7 -7.3 36 0 13.3 23.4 17.5 0.0 0 1 5 3 3
10.1 6498.9 -2.3 110 0 56.3 4.7 10.5 3.5 2 0 3 1 1
2523.0 7021.9 -3.7 180 0 23.1 32.4 14.0 0.0 0 1 4 4 4
2436.8 2262.3 -0.3 182 0 8.8 13.0 10.5 0.0 0 0 3 1 1
2436.5 2254.6 -0.3 182 0 6.8 13.2 10.5 0.0 0 0 3 2 2
2429.5 2285.1 -0.3 264 0 9.2 8.1 10.5 3.5 2 0 3 4 4
2433.6 2272.3 -0.4 5 0 8.7 9.4 10.5 3.5 2 0 3 1 1
2433.1 2263.4 -0.4 2 0 9.2 9.2 10.5 3.5 2 0 3 2 2
2437.5 2283.9 -0.2 182 1 13.7 12.2 14.0 3.5 2 0 4 5 5
2437.2 2272.2 -0.3 182 1 11.4 12.6 14.0 3.5 2 0 4 3 3
330.4 6628.0 -7.5 161 0 31.9 32.2 14.0 0.0 0 1 4 2 2
264.9 6668.0 -7.7 101 0 6.4 11.1 10.5 0.0 0 1 3 1 1
251.9 6559.3 -4.9 274 0 14.3 47.0 10.0 2.5 2 1 4 0 0
-298.8 7227.1 -7.5 167 0 20.6 31.4 7.5 0.0 0 1 3 4 4
940.8 7063.4 2.9 6 0 21.3 21.1 14.0 3.5 2 0 4 3 3
674.1 6781.5 -3.6 135 0 13.6 28.3 17.5 3.5 2 1 5 1 1
-1421.5 3932.5 -1.0 340 0 45.0 15.3 14.0 3.5 2 0 4 5 5
-111.5 2340.1 -0.6 14 0 83.0 100.7 10.5 0.0 0 1 3 3 3
1427.5 8980.9 -1.8 359 0 30.5 51.9 17.5 0.0 0 1 5 2 2
6147.1 8398.5 -15.6 89 0 11.1 15.1 5.0 2.5 2 1 2 1 1
1442.7 9935.7 -10.3 254 0 11.1 16.1 14.0 0.0 0 1 4 0 0
-1360.6 7481.8 -6.1 59 0 14.7 31.6 14.0 3.5 2 1 4 0 0
1340.8 10105.2 -9.1 76 0 10.6 7.7 10.5 3.5 2 0 3 5 5
4866.7 6793.7 -10.5 92 0 7.2 9.3 10.5 3.5 2 1 3 0 0
4165.0 7221.4 -7.7 179 0 16.6 12.9 17.5 3.5 2 0 5 0 0
295.3 6398.1 -1.7 92 0 15.3 35.4 10.0 2.5 2 1 4 4 4
1929.8 4012.5 -2.8 90 0 18.1 10.8 14.0 3.5 2 0 4 5 5
1396.9 11141.3 -12.2 271 0 16.4 20.5 14.0 3.5 2 1 4 3 3
1667.5 4817.4 -5.0 9 0 20.4 15.3 17.5 3.5 2 0 5 1 1
1291.5 8677.8 0.3 180 0 7.5 23.1 10.5 3.5 2 1 3 0 0
-2400.9 5795.6 -3.5 274 0 15.9 29.5 14.0 3.5 2 1 4 4 4
-1570.6 8359.3 -6.6 326 0 18.2 27.3 14.0 0.0 0 1 4 0 0
-3008.1 5441.0 -2.6 90 0 20.6 18.2 10.5 3.5 2 0 3 5 5
970.3 2965.4 -2.7 89 0 30.9 12.6 10.5 3.5 4 0 3 5 5
1200.1 7554.8 -2.4 90 0 19.0 16.0 17.5 3.5 2 0 5 0 0
-1507.2 3168.0 -2.5 330 0 16.9 12.9 14.0 3.5 2 0 4 2 2
-3389.6 5231.1 -1.2 178 0 13.5 20.8 10.5 3.5 2 1 3 5 5
-644.1 9838.3 -11.3 221 0 15.9 10.9 14.0 3.5 2 0 4 1 1
-3841.2 5089.9 -2.4 78 0 19.5 28.5 12.5 2.5 2 1 5 3 3
-1007.7 11971.7 -12.2 256 0 9.8 9.7 10.5 3.5 2 0 3 2 2
1535.6 2097.2 -7.4 176 0 62.0 62.6 10.5 0.0 0 1 3 2 2
-89.0 5306.8 -2.5 100 0 15.0 22.6 17.5 3.5 2 1 5 3 3
-1189.4 2620.5 -3.0 150 0 18.2 18.3 14.0 3.5 2 1 4 0 0
-954.6 3494.9 -1.3 346 0 22.6 16.8 14.0 3.5 2 0 4 0 0
-615.9 6526.3 -0.5 7 0 39.8 49.8 17.5 0.0 0 1 5 1 1
1763.4 4846.4 -5.0 279 0 18.6 11.0 17.5 3.5 2 0 5 0 0
4438.8 6390.2 -11.5 92 0 17.2 19.6 7.5 2.5 2 1 3 2 2
1687.9 7835.8 -2.9 360 0 11.1 7.3 10.5 3.5 2 0 3 2 2
3907.6 8057.1 -9.0 304 0 17.5 16.1 14.0 3.5 2 0 4 5 5
4765.8 7483.6 -8.5 25 0 42.3 12.9 14.0 3.5 2 0 4 2 2
3871.4 7514.3 -8.6 260 0 10.7 21.4 14.0 0.0 0 1 4 3 3
6762.1 7954.6 -15.6 266 0 13.7 15.7 10.5 3.5 2 1 3 5 5
-229.2 4736.2 -1.7 91 0 8.8 23.6 10.5 3.5 2 1 3 0 0
1349.9 7664.8 -3.6 94 0 10.8 22.4 17.5 3.5 2 1 5 0 0
-886.2 7446.9 -5.7 272 0 19.1 13.0 17.5 3.5 2 0 5 0 0
1210.7 10856.5 -9.3 90 0 6.7 10.0 10.5 3.5 4 1 3 0 0
984.1 7751.3 -1.5 91 0 6.8 11.2 10.5 3.5 2 1 3 1 1
-1551.0 3145.1 -2.8 149 0 17.4 8.5 10.5 3.5 2 0 3 5 5
-978.1 1973.6 -3.0 169 0 10.5 7.8 10.5 3.5 2 0 3 5 5
939.3 7781.7 -2.0 94 0 9.8 22.8 10.5 3.5 2 1 3 1 1
1271.7 11321.3 -12.0 188 0 11.6 15.1 14.0 0.0 0 1 4 2 2
-2360.6 3179.3 -2.7 26 0 36.3 9.5 10.5 3.5 2 0 3 2 2
7.3 10210.8 -9.1 146 0 10.3 12.7 14.0 3.5 2 1 4 3 3
513.0 4205.9 -2.2 78 0 72.5 18.1 14.0 3.5 2 0 4 4 4
1215.3 7655.0 -2.6 271 0 19.7 11.6 17.5 3.5 2 0 5 2 2
-1064.9 3552.5 -1.3 179 0 5.9 12.2 10.5 3.5 2 1 3 5 5
-1155.4 6484.7 0.1 154 0 15.9 21.7 14.0 3.5 2 1 4 0 0
1135.4 7427.7 -1.5 92 0 13.9 14.1 17.5 3.5 2 1 5 2 2
-1173.6 3406.5 -0.5 57 0 8.7 9.8 10.5 3.5 2 1 3 2 2
1413.5 11755.1 -13.0 96 0 8.2 14.9 10.5 0.0 0 1 3 1 1
558.6 11067.9 -9.5 143 0 15.2 18.8 14.0 0.0 0 1 4 0 0
-36.6 7950.6 -8.8 53 0 14.7 15.7 14.0 0.0 0 1 4 3 3
-728.3 3637.4 -3.5 162 0 17.3 12.4 10.5 3.5 2 0 3 3 3
1872.0 7721.8 -3.3 243 0 44.7 19.1 17.5 3.5 4 0 5 3 3
-587.4 2396.3 -1.1 92 0 10.0 11.1 10.5 3.5 2 1 3 2 2
-2394.3 5748.4 -3.6 356 0 28.0 15.5 14.0 3.5 2 0 4 3 3
1451.5 4841.9 -3.4 17 0 8.4 17.6 10.5 3.5 2 1 3 5 5
457.5 5336.6 -1.0 5 0 17.8 17.1 17.5 0.0 0 0 5 3 3
-1513.2 2155.7 -3.6 356 0 19.4 7.8 10.5 3.5 4 0 3 3 3
-945.8 3509.6 -1.0 168 0 7.5 25.9 10.5 3.5 2 1 3 5 5
641.9 4138.6 -3.1 181 0 12.0 14.9 10.5 3.5 4 1 3 1 1
-2066.7 5756.2 -2.0 265 0 9.5 15.3 10.5 3.5 2 1 3 0 0
-219.4 9994.8 -10.2 233 0 21.5 8.3 10.5 3.5 2 0 3 1 1
4682.1 7450.1 -8.9 295 0 8.2 24.1 10.5 3.5 2 1 3 5 5
-783.6 6613.1 -1.7 181 0 9.5 11.2 10.5 3.5 2 1 3 5 5
3651.2 10899.0 -15.9 287 0 10.9 24.2 14.0 3.5 2 1 4 0 0
1397.7 4637.0 -7.5 20 0 6.7 10.5 10.5 3.5 2 1 3 1 1
-456.6 12545.6 -12.4 334 0 11.0 11.4 14.0 3.5 2 1 4 0 0
3644.2 10940.5 -16.3 252 0 10.4 23.6 14.0 3.5 4 1 4 3 3
-3456.6 5303.6 -1.2 265 0 24.8 27.5 14.0 0.0 0 1 4 4 4
219.6 3298.5 -0.8 9 0 13.4 12.6 14.0 3.5 2 0 4 3 3
906.1 7628.5 -1.2 185 0 6.0 26.9 10.5 3.5 2 1 3 4 4
-800.2 8097.9 -5.3 92 0 10.7 11.1 14.0 3.5 2 1 4 5 5
-4853.4 4376.4 -2.2 251 0 26.6 18.3 7.5 0.0 0 0 3 3 3
-622.1 3893.8 -3.5 173 0 20.8 12.4 10.5 3.5 4 0 3 1 1
2245.1 4094.2 -4.4 357 0 19.8 35.6 14.0 0.0 0 1 4 4 4
-93.2 10069.3 -9.6 56 0 18.9 8.7 10.5 3.5 2 0 3 3 3
-575.0 1311.0 -3.8 253 0 9.0 14.0 2.5 2.5 2 1 1 2 2
3306.2 4215.2 -5.8 303 0 12.4 28.9 10.5 3.5 2 1 3 4 4
-3000.0 6962.9 -3.1 1 0 13.7 20.4 14.0 3.5 2 1 4 0 0
1056.2 7954.2 0.0 93 0 15.8 10.6 17.5 3.5 2 0 5 5 5
2086.3 11645.9 -15.8 274 0 22.9 14.3 14.0 3.5 2 0 4 5 5
-1354.1 3301.4 -1.7 59 0 19.7 18.6 14.0 3.5 2 0 4 1 1
197.7 3232.7 -2.6 8 0 23.7 25.7 14.0 0.0 0 1 4 3 3
1359.2 7464.8 -2.2 186 0 7.8 10.1 10.5 3.5 2 1 3 3 3
-1602.3 8432.2 -6.9 268 0 14.3 29.5 14.0 3.5 2 1 4 0 0
105.3 3204.3 -2.8 284 0 14.8 19.2 14.0 3.5 2 1 4 3 3
1160.1 7720.2 -2.5 258 0 10.1 10.4 14.0 3.5 2 1 4 3 3
1116.0 7937.4 -0.3 89 0 14.1 11.5 17.5 0.0 0 0 5 0 0
823.6 5041.1 -3.0 3 0 19.2 12.7 17.5 3.5 2 0 5 0 0
91.8 10199.0 -9.0 325 0 10.2 29.1 14.0 0.0 0 1 4 2 2
-879.3 3547.7 -1.3 169 0 14.3 21.6 14.0 3.5 2 1 4 5 5
579.7 4933.5 -3.7 78 0 12.8 14.7 17.5 3.5 2 1 5 2 2
-1442.0 3298.3 -1.4 233 0 18.7 39.0 14.0 3.5 2 1 4 0 0
-4698.6 4499.1 -3.0 58 0 16.2 26.0 7.5 2.5 2 1 3 5 5
344.7 4532.8 -0.8 180 0 19.0 17.0 14.0 3.5 2 0 4 5 5
6771.2 7765.4 -14.5 181 0 12.5 14.1 14.0 3.5 2 1 4 4 4
1022.7 10720.7 -8.2 346 0 13.7 13.9 14.0 3.5 2 1 4 5 5
7.9 5780.0 -5.3 85 0 19.2 11.5 14.0 3.5 2 0 4 4 4
345.9 4282.4 -1.3 91 0 11.5 18.1 7.5 2.5 2 1 3 5 5
-2307.5 5656.9 -3.1 353 0 10.1 9.5 10.5 3.5 2 0 3 4 4
408.8 5255.1 -1.0 181 0 16.0 19.1 17.5 3.5 4 1 5 1 1
1557.4 1523.0 -7.5 258 0 24.1 15.9 14.0 3.5 2 0 4 5 5
155.4 10247.2 -9.0 232 0 10.1 18.5 14.0 3.5 2 1 4 2 2
419.3 3720.8 -0.3 9 0 24.8 15.5 14.0 0.0 0 0 4 4 4
2938.8 11216.1 -13.9 113 0 11.1 14.4 14.0 3.5 2 1 4 4 4
1144.7 8001.8 0.6 358 0 17.2 17.1 17.5 3.5 2 0 5 5 5
-419.6 3151.3 0.1 180 0 14.9 13.7 14.0 3.5 2 0 4 5 5
-1229.4 6662.4 -2.7 71 0 9.6 27.4 10.5 3.5 2 1 3 4 4
1973.5 4792.7 -5.0 100 0 20.6 10.6 14.0 3.5 2 0 4 0 0
2271.5 7211.7 -3.3 93 0 30.1 18.7 12.5 2.5 2 0 5 3 3
-712.8 8936.2 -7.6 101 0 20.1 17.4 14.0 0.0 0 0 4 5 5
254.9 3425.0 0.3 9 0 13.8 14.0 14.0 3.5 2 1 4 5 5
1163.5 11251.2 -11.5 182 0 12.9 16.5 14.0 3.5 2 1 4 1 1
-1969.8 8344.1 -4.6 154 0 9.8 38.9 10.5 3.5 2 1 3 3 3
1143.1 7696.6 -2.4 83 0 12.9 6.7 10.5 3.5 2 0 3 2 2
1257.9 10526.7 -9.8 272 0 24.0 10.6 10.5 3.5 2 0 3 5 5
1450.8 10789.5 -8.6 83 0 16.3 13.1 10.5 3.5 2 0 3 5 5
-864.2 7445.4 -5.7 275 0 18.5 14.6 17.5 3.5 2 0 5 5 5
643.3 7307.6 -5.8 272 0 62.9 9.5 7.5 0.0 0 0 3 3 3
294.1 4728.9 -1.1 184 0 15.5 18.0 10.0 2.5 2 1 4 1 1
6378.4 8864.5 -14.9 6 0 18.1 53.8 14.0 3.5 4 1 4 4 4
1485.3 9891.5 -10.7 72 0 8.3 11.7 10.5 3.5 2 1 3 4 4
3327.0 10943.7 -16.9 187 0 9.0 12.8 10.5 3.5 2 1 3 0 0
1744.5 4849.1 -4.7 276 0 15.1 11.2 17.5 3.5 2 0 5 0 0
-6213.6 1693.0 -5.3 57 0 10.6 16.8 5.0 2.5 2 1 2 5 5
1101.9 7473.4 -1.8 252 0 14.1 6.7 10.5 3.5 2 0 3 1 1
902.1 7703.2 -1.7 16 0 5.5 8.7 10.5 3.5 4 1 3 4 4
-829.5 7819.5 -5.0 4 0 10.0 9.4 10.5 3.5 2 0 3 3 3
1541.1 5083.2 -4.1 103 0 17.6 13.9 17.5 3.5 2 0 5 3 3
1320.7 10851.5 -8.0 180 0 13.4 10.2 14.0 3.5 2 0 4 1 1
-1184.6 3399.5 -0.5 61 0 9.5 9.8 10.5 3.5 2 1 3 0 0
6205.8 8177.8 -14.3 4 0 11.1 6.7 10.5 3.5 2 0 3 3 3
1474.2 7571.3 -2.7 270 0 6.5 12.9 10.5 0.0 0 1 3 2 2
331.0 5285.0 -0.2 94 0 13.5 25.4 14.0 3.5 2 1 4 1 1
826.6 11751.5 -12.2 81 0 14.1 9.9 10.5 3.5 2 0 3 2 2
570.6 5378.3 -2.1 181 0 10.3 15.9 17.5 3.5 2 1 5 2 2
1472.3 9942.9 -10.4 254 0 8.1 15.8 10.5 0.0 0 1 3 0 0
1024.9 7834.5 -1.8 250 0 11.3 18.4 14.0 3.5 2 1 4 4 4
-857.2 9024.1 -8.3 3 0 14.9 30.0 14.0 3.5 2 1 4 1 1
-616.4 4698.9 -5.1 155 0 11.6 5.4 10.5 3.5 2 0 3 4 4
1280.5 5104.8 -3.5 180 0 13.0 22.5 17.5 3.5 2 1 5 5 5
171.6 4311.7 -0.3 269 0 44.8 67.4 14.0 0.0 0 1 4 3 3
47.1 2833.5 -3.4 242 0 22.8 21.6 10.5 3.5 4 0 3 3 3
2041.3 10587.3 -12.3 85 0 8.0 13.2 10.5 3.5 2 1 3 1 1
-41.9 10117.0 -9.4 234 0 6.7 9.2 10.5 3.5 2 1 3 0 0
-2544.6 2890.7 -2.8 59 0 16.5 27.5 14.0 3.5 4 1 4 3 3
-1648.1 8759.5 -6.7 181 0 15.5 16.2 10.5 3.5 4 1 3 3 3
1299.5 5078.7 -3.4 92 0 37.8 12.8 17.5 3.5 2 0 5 4 4
1211.3 10800.3 -5.3 181 0 13.9 9.8 10.5 3.5 2 0 3 3 3
2160.6 4575.0 -4.2 96 0 10.5 18.9 17.5 3.5 4 1 5 0 0
6060.3 7593.0 -11.7 96 0 16.1 13.8 14.0 3.5 2 0 4 3 3
3839.9 7496.7 -8.2 359 0 16.4 15.6 14.0 3.5 2 0 4 3 3
347.5 2878.5 -2.9 287 0 10.5 9.8 10.5 3.5 2 0 3 2 2
-4383.1 515.2 -5.3 179 0 37.2 22.8 7.5 2.5 2 0 3 0 0
-126.8 2078.9 -1.4 20 0 11.3 9.1 10.5 3.5 2 0 3 3 3
-162.9 10026.8 -10.0 324 0 9.2 22.5 10.5 3.5 2 1 3 5 5
-1681.1 3080.6 -4.2 245 0 21.2 15.4 14.0 3.5 2 0 4 5 5
2146.1 10829.8 -12.2 277 0 11.8 25.3 14.0 3.5 2 1 4 0 0
-2569.9 5494.9 -4.5 88 0 14.1 9.6 10.5 3.5 2 0 3 0 0
1700.4 2815.1 -2.7 87 0 9.8 9.9 10.5 0.0 0 1 3 3 3
2116.1 10892.2 -12.3 276 0 11.3 14.2 14.0 3.5 2 1 4 3 3
-1717.3 3055.0 -5.0 153 0 13.6 19.2 14.0 3.5 2 1 4 0 0
-880.7 8924.4 -6.8 8 0 15.1 27.6 14.0 3.5 2 1 4 4 4
-904.1 3601.0 -1.2 238 0 12.8 11.0 14.0 3.5 4 0 4 4 4
-2972.8 5452.4 -2.8 359 0 21.3 20.8 10.5 3.5 4 0 3 0 0
485.4 5667.8 -5.3 266 0 66.4 18.9 17.5 3.5 2 0 5 0 0
1066.1 7473.5 -1.7 350 0 7.3 19.4 10.5 3.5 2 1 3 4 4
-1488.9 3059.3 -2.9 328 0 21.4 12.3 10.5 3.5 2 0 3 4 4
-434.8 1332.8 -4.7 81 0 14.3 8.2 10.5 0.0 0 0 3 5 5
1014.3 10756.2 -7.9 346 0 10.1 15.3 14.0 3.5 2 1 4 2 2
-416.9 3437.4 0.0 264 0 20.4 18.9 10.5 0.0 0 0 3 4 4
1640.5 4707.9 -4.8 281 0 14.5 16.5 17.5 0.0 0 1 5 4 4
3986.8 7952.4 -8.1 294 0 10.2 13.5 17.5 3.5 2 1 5 1 1
1220.9 4949.2 -2.6 99 0 21.0 15.1 17.5 3.5 2 0 5 5 5
2295.4 10827.5 -14.3 273 0 8.6 53.4 10.5 3.5 2 1 3 5 5
1182.9 7608.9 -2.5 180 0 16.7 19.8 17.5 3.5 2 1 5 3 3
1964.7 3058.9 -6.2 1 0 16.5 16.0 10.5 3.5 2 0 3 2 2
2295.8 8152.9 -7.6 155 0 14.0 15.6 17.5 3.5 2 1 5 2 2
24.0 10104.2 -8.9 234 0 19.4 29.8 10.5 3.5 4 1 3 0 0
-4831.7 4437.3 -2.9 161 0 10.7 59.5 7.5 2.5 2 1 3 1 1
6425.1 8870.8 -15.0 271 0 19.8 10.7 14.0 3.5 2 0 4 3 3
-1060.7 7429.6 -5.5 190 0 8.4 18.6 10.5 0.0 0 1 3 2 2
1560.2 8061.5 -0.9 157 0 6.7 13.6 10.5 3.5 2 1 3 4 4
2253.2 8836.0 -7.5 290 0 8.6 13.1 10.5 3.5 4 1 3 4 4
1095.6 7482.9 -2.1 89 0 12.4 23.2 17.5 3.5 2 1 5 4 4
-2400.8 5567.7 -3.1 359 0 13.6 8.5 10.5 0.0 0 0 3 3 3
506.0 4589.3 -2.6 184 0 15.0 17.8 14.0 3.5 2 1 4 5 5
-1358.1 3265.0 -1.8 240 0 7.3 7.5 10.5 3.5 2 1 3 5 5
351.5 4825.9 -1.5 95 0 12.8 18.2 10.5 3.5 2 1 3 2 2
1445.3 9834.8 -10.8 252 0 23.5 24.9 14.0 0.0 0 1 4 5 5
749.8 8146.9 -3.2 92 0 14.3 11.1 14.0 3.5 2 0 4 3 3
1412.6 7461.4 -3.2 79 0 26.7 26.0 17.5 0.0 0 0 5 0 0
976.3 7858.5 -2.2 188 0 21.1 20.1 14.0 0.0 0 0 4 0 0
-246.0 3530.6 -1.3 62 0 12.5 20.2 14.0 3.5 2 1 4 5 5
1082.6 7478.5 -1.9 84 0 11.9 15.3 17.5 3.5 2 1 5 1 1
1759.1 2747.0 -2.7 87 0 9.4 18.6 10.5 3.5 2 1 3 0 0
2487.4 8264.4 -8.1 339 0 16.8 32.4 17.5 3.5 4 1 5 2 2
-2462.3 5608.7 -1.8 348 0 26.0 12.3 14.0 3.5 2 0 4 2 2
467.8 5168.4 -0.9 92 0 10.5 13.6 14.0 0.0 0 1 4 5 5
2189.1 11532.7 -13.2 3 0 10.0 11.7 10.5 3.5 2 1 3 2 2
1531.6 4794.1 -6.3 283 0 16.4 36.8 17.5 3.5 2 1 5 4 4
-2413.4 3248.8 -3.5 239 0 9.4 50.6 10.5 3.5 4 1 3 4 4
-459.0 8979.2 -10.1 92 0 6.1 15.6 7.5 2.5 2 1 3 2 2
-1081.2 10057.3 -8.5 307 0 20.9 21.3 14.0 3.5 2 1 4 5 5
-5952.5 6702.0 -6.4 123 0 10.1 20.2 5.0 2.5 2 1 2 0 0
1620.8 11280.9 -13.1 270 0 13.4 17.4 10.5 3.5 2 1 3 0 0
2797.2 7257.0 -6.6 2 0 19.5 15.7 17.5 3.5 4 0 5 1 1
2956.3 7494.7 -6.7 273 0 14.8 18.6 17.5 0.0 0 1 5 3 3
2961.5 7429.1 -6.5 1 0 18.7 6.8 10.5 3.5 2 0 3 1 1
2958.9 7399.0 -6.4 89 0 6.5 18.0 10.5 0.0 0 1 3 5 5
5346.4 7274.1 -4.3 81 0 22.8 25.1 14.0 3.5 2 1 4 5 5
5305.3 7439.2 -3.3 265 0 11.4 42.4 14.0 3.5 2 1 4 5 5
5416.9 7661.6 -6.0 1 0 8.7 8.8 10.5 3.5 2 1 3 3 3
5460.0 7733.4 -7.1 99 0 11.9 11.5 10.5 3.5 2 0 3 0 0
5485.8 7723.7 -6.9 278 0 11.9 13.1 10.5 3.5 2 1 3 2 2
5521.2 7307.8 -6.4 172 0 43.3 19.5 10.5 3.5 4 0 3 4 4
5447.0 7735.9 -7.1 99 0 8.8 10.7 10.5 3.5 2 1 3 1 1
5431.5 7736.6 -7.0 98 0 5.4 12.0 10.5 3.5 2 1 3 1 1
5511.5 7457.2 -4.5 1 0 56.5 16.9 10.5 3.5 4 0 3 0 0
5530.1 7430.1 -4.8 90 0 16.8 53.3 10.5 3.5 2 1 3 3 3
5514.1 7421.1 -4.6 269 0 45.8 17.7 10.5 3.5 4 0 3 1 1
5571.1 7397.0 -5.3 269 0 49.6 21.4 14.0 3.5 2 0 4 3 3
5546.2 7412.6 -5.3 178 0 19.2 53.6 10.5 3.5 2 1 3 1 1
5573.2 7429.7 -5.4 89 0 50.2 19.3 14.0 3.5 2 0 4 5 5
5572.3 7455.5 -5.4 89 0 51.4 7.8 10.5 3.5 2 0 3 2 2
5677.7 7331.5 -6.9 91 0 39.2 23.8 14.0 0.0 0 0 4 0 0
5570.6 7352.0 -5.9 271 0 41.7 21.5 10.5 0.0 0 0 3 3 3
5534.8 7246.8 -7.8 167 0 42.9 18.6 10.5 3.5 2 0 3 0 0
-1760.8 2428.5 -4.6 265 0 4.7 19.4 7.0 3.5 4 1 2 5 5
1024.2 1392.2 -8.0 266 0 46.8 78.7 14.0 0.0 0 1 4 5 5
3398.2 7748.8 -4.7 0 0 52.8 35.5 10.5 0.0 0 0 3 4 4
3502.2 7750.9 -7.7 181 0 47.5 54.0 17.5 0.0 0 1 5 0 0
3403.3 7825.4 -8.3 95 0 17.4 83.5 17.5 0.0 0 1 5 3 3
3398.6 7979.5 -8.6 266 0 45.4 61.8 17.5 0.0 0 1 5 3 3
3435.8 8127.4 -8.8 271 0 118.8 126.3 17.5 0.0 0 1 5 5 5
974.1 3220.3 -2.7 356 0 13.3 16.8 10.5 3.5 4 1 3 4 4
498.8 4868.4 -3.5 95 0 13.9 16.7 17.5 3.5 4 1 5 4 4
2005.5 4076.0 -2.7 98 0 21.4 20.1 14.0 3.5 2 0 4 1 1
-507.7 3909.7 -3.2 356 0 7.9 18.5 10.5 3.5 4 1 3 3 3
544.0 5422.8 -2.6 98 0 14.1 19.0 17.5 3.5 2 1 5 0 0
1973.9 1341.5 -5.8 280 0 12.3 33.2 14.0 3.5 2 1 4 4 4
2619.8 4152.3 -4.3 184 0 18.6 14.9 10.5 3.5 2 0 3 5 5
2326.5 4672.8 -3.9 11 0 20.3 10.7 14.0 3.5 2 0 4 0 0
-1130.0 3497.2 0.0 172 0 17.2 13.9 14.0 3.5 2 0 4 4 4
1567.5 4921.4 -3.9 15 0 8.5 10.9 10.5 3.5 2 1 3 3 3
-301.7 4494.7 -1.3 78 0 8.5 13.4 10.5 3.5 2 1 3 4 4
1835.6 4046.8 -1.2 272 0 18.6 11.1 10.5 3.5 2 0 3 3 3
2591.9 4656.7 -7.1 222 0 7.6 21.3 10.5 3.5 2 1 3 4 4
1737.1 2735.2 -2.9 85 0 13.3 27.7 10.5 3.5 2 1 3 1 1
3517.3 2736.6 -7.1 87 0 41.3 26.2 10.5 0.0 0 0 3 5 5
1529.9 5067.0 -4.0 198 0 10.7 18.9 14.0 3.5 2 1 4 4 4
2630.3 4553.9 -5.5 5 0 29.6 11.3 14.0 3.5 2 0 4 1 1
508.3 5167.7 -2.6 183 0 13.7 26.4 14.0 3.5 2 1 4 5 5
495.9 4520.3 -2.3 184 0 11.1 23.1 14.0 3.5 2 1 4 1 1
1969.0 1818.7 -3.5 2 0 14.5 13.4 10.5 3.5 2 0 3 0 0
1558.8 5159.2 -4.7 100 0 12.7 17.9 17.5 3.5 2 1 5 3 3
-643.9 3512.3 -1.2 172 0 12.6 18.7 10.5 3.5 2 1 3 5 5
-1270.0 3364.5 -1.8 329 0 16.8 10.8 14.0 3.5 4 0 4 4 4
-567.4 2429.5 -1.0 283 0 24.4 12.4 14.0 3.5 2 0 4 4 4
2334.3 4027.3 -3.2 0 0 15.3 15.8 14.0 3.5 2 1 4 2 2
4302.3 3227.1 -3.4 5 0 15.0 14.4 14.0 3.5 2 0 4 4 4
2146.5 4453.3 -5.1 185 0 27.2 5.9 10.5 0.0 0 0 3 3 3
2213.9 4755.9 -3.3 25 0 4.0 9.8 10.5 3.5 2 1 3 3 3
622.9 5336.5 -2.1 92 0 37.7 23.1 17.5 0.0 0 0 5 4 4
711.2 2413.8 -5.6 184 0 13.3 18.6 14.0 3.5 2 1 4 5 5
2449.2 4616.1 -4.6 21 0 10.8 17.3 17.5 3.5 2 1 5 1 1
766.8 4261.5 -3.8 185 0 11.6 17.9 14.0 3.5 2 1 4 2 2
2365.2 1006.6 -7.8 84 0 23.3 9.9 10.5 3.5 2 0 3 3 3
2512.7 584.3 -5.8 157 0 149.4 16.4 7.5 0.0 0 0 3 2 2
395.8 4478.9 -2.0 174 0 11.4 12.0 14.0 3.5 2 1 4 2 2
-181.4 2216.0 0.1 186 0 9.0 13.3 10.5 3.5 4 1 3 3 3
309.5 5089.4 1.1 4 0 11.4 32.3 17.5 3.5 2 1 5 1 1
417.9 2427.4 -5.5 22 0 7.8 19.1 10.5 3.5 4 1 3 1 1
794.8 1412.9 -8.6 342 0 10.4 13.6 10.5 3.5 2 1 3 3 3
462.6 4638.4 -2.5 187 0 18.6 17.0 14.0 3.5 2 0 4 4 4
-530.5 4335.3 -2.8 231 0 19.4 46.7 10.5 3.5 2 1 3 5 5
-1441.8 3044.8 -2.8 59 0 9.7 13.2 10.5 3.5 2 1 3 5 5
1583.2 4817.0 -5.6 185 0 16.1 32.7 17.5 3.5 2 1 5 4 4
1577.5 4821.2 -5.3 7 0 9.2 11.4 10.5 3.5 2 1 3 2 2
-1328.0 3281.0 -1.8 330 0 10.8 14.8 10.5 3.5 2 1 3 5 5
3040.5 488.4 -6.8 85 0 26.7 15.9 10.0 0.0 0 0 4 4 4
1185.8 4281.1 -6.6 100 0 15.9 22.7 10.5 3.5 2 1 3 2 2
1822.7 3920.4 -2.1 273 0 27.5 16.3 14.0 3.5 2 0 4 5 5
2076.9 449.3 -4.6 59 0 13.2 24.9 15.0 0.0 0 1 6 5 5
888.0 2306.2 -6.3 92 0 14.7 10.4 14.0 3.5 2 0 4 4 4
4311.7 3278.9 -3.2 17 0 18.2 8.0 10.5 3.5 2 0 3 5 5
2086.6 4424.5 -4.9 356 0 12.0 13.2 14.0 0.0 0 1 4 1 1
1977.2 3403.1 -3.6 167 0 38.9 10.1 14.0 3.5 2 0 4 1 1
1886.7 2838.8 -3.9 180 0 15.2 10.0 14.0 3.5 2 0 4 1 1
2224.2 4842.4 -4.4 205 0 9.6 13.3 10.5 3.5 2 1 3 4 4
2015.7 9276.4 -6.3 1 0 10.3 10.7 17.5 3.5 2 1 5 5 5
5691.3 6769.7 -8.7 12 0 11.6 13.8 14.0 3.5 2 1 4 2 2
3177.6 8255.0 -8.1 273 0 29.2 47.8 14.0 0.0 0 1 4 5 5
2257.1 11583.2 -13.3 29 0 12.1 8.4 10.5 3.5 2 0 3 2 2
2103.3 11353.4 -13.7 184 0 7.7 13.4 10.5 3.5 2 1 3 5 5
1438.3 12265.0 -14.0 276 0 8.3 6.2 10.5 3.5 2 0 3 1 1
-572.8 9880.4 -11.0 132 0 33.2 45.2 14.0 0.0 0 1 4 5 5
3445.2 11126.0 -16.0 278 0 9.1 11.7 10.5 3.5 2 1 3 5 5
5778.5 5645.4 -10.8 8 0 30.0 9.5 10.5 3.5 2 0 3 1 1
4643.6 7451.2 -9.2 201 0 28.6 16.7 14.0 3.5 2 0 4 4 4
5117.2 6835.6 -11.0 357 0 19.9 10.1 14.0 3.5 4 0 4 4 4
1310.5 10171.7 -9.0 163 0 11.2 21.8 10.5 3.5 4 1 3 5 5
1736.7 12809.9 -17.2 273 0 22.9 13.5 10.5 3.5 2 0 3 5 5
2356.4 11439.5 -14.9 95 0 16.7 16.4 14.0 3.5 2 0 4 2 2
-276.1 11047.1 -12.6 46 0 39.9 48.9 14.0 0.0 0 1 4 5 5
2768.4 11524.4 -17.1 92 0 11.1 33.2 10.5 3.5 4 1 3 0 0
4483.7 5645.9 -9.2 184 0 10.8 10.9 10.5 3.5 2 1 3 2 2
1303.4 10234.6 -8.9 180 0 15.1 20.3 10.5 3.5 2 1 3 4 4
923.6 12228.7 -14.0 344 0 14.2 9.8 5.0 2.5 2 0 2 3 3
-341.6 12393.4 -12.5 322 0 27.8 18.7 14.0 3.5 2 0 4 4 4
-395.3 12793.0 -12.6 78 0 9.2 29.1 10.5 3.5 2 1 3 4 4
214.0 10199.3 -9.0 144 0 15.2 13.2 10.5 3.5 2 0 3 5 5
3230.0 10995.5 -16.3 117 0 18.9 10.1 14.0 3.5 2 0 4 5 5
1426.1 12138.4 -13.1 11 0 11.5 11.9 10.5 3.5 2 1 3 3 3
4591.6 7460.3 -9.7 288 0 9.1 19.3 10.5 3.5 2 1 3 5 5
-985.6 11006.2 -12.8 347 0 10.6 12.3 14.0 0.0 0 1 4 5 5
4379.6 6671.5 -8.3 96 0 15.6 13.4 14.0 0.0 0 0 4 4 4
5833.8 6609.6 -9.3 359 0 30.4 18.9 10.5 3.5 2 0 3 2 2
-2151.2 5718.4 -2.0 79 0 14.7 11.0 14.0 0.0 0 0 4 3 3
-389.2 1301.1 -4.8 269 0 21.6 13.4 14.0 0.0 0 0 4 0 0
751.0 6924.1 -5.4 46 0 14.6 25.2 17.5 0.0 0 1 5 4 4
1025.2 7990.0 0.3 185 0 27.4 26.1 17.5 0.0 0 0 5 0 0
-3186.5 3074.9 -1.2 260 0 13.9 29.1 15.0 0.0 0 1 6 0 0
-2711.3 2626.2 -2.2 226 0 17.1 11.0 5.0 2.5 2 0 2 3 3
1014.9 7624.9 -1.5 275 0 26.1 15.2 14.0 3.5 2 0 4 1 1
-2639.2 5531.4 -3.0 85 0 20.4 11.7 14.0 3.5 2 0 4 0 0
1095.7 7989.3 0.2 273 0 10.4 18.5 17.5 3.5 4 1 5 5 5
1064.5 7632.8 -1.5 5 0 14.6 8.4 10.5 3.5 2 0 3 0 0
-3581.4 6258.0 -2.9 185 0 10.9 14.3 14.0 3.5 2 1 4 1 1
-2391.0 3139.6 -1.6 35 0 15.3 21.2 14.0 3.5 2 1 4 2 2
-2224.6 4972.6 -2.6 268 0 23.8 14.2 10.5 0.0 0 0 3 1 1
2245.4 7615.2 -8.7 88 0 11.9 17.1 14.0 3.5 2 1 4 2 2
1055.3 7028.1 2.7 1 0 14.6 18.0 14.0 3.5 4 1 4 5 5
1171.3 7280.9 3.2 179 0 12.3 13.2 17.5 3.5 4 1 5 2 2
-3350.9 5953.6 -0.8 89 0 11.1 10.2 10.5 0.0 0 0 3 1 1
-2203.1 5723.0 -2.0 264 0 9.6 21.0 10.5 3.5 2 1 3 0 0
762.3 6994.9 -4.3 355 0 13.9 12.0 17.5 0.0 0 0 5 5 5
-2612.3 5550.9 -2.3 351 0 8.2 14.0 10.5 3.5 4 1 3 2 2
1642.5 8113.8 -2.1 248 0 8.9 11.1 10.5 3.5 2 1 3 1 1
-2321.9 5810.5 -3.1 95 0 53.9 30.6 14.0 0.0 0 0 4 4 4
-2631.1 2693.6 -3.9 68 0 10.0 21.6 10.5 3.5 2 1 3 0 0
-2055.0 3334.4 -5.2 76 0 6.0 9.8 5.0 2.5 2 1 2 2 2
-3343.6 6352.6 -3.0 186 0 15.6 8.1 10.5 3.5 2 0 3 3 3
-3492.9 5550.3 -2.4 6 0 11.9 24.4 10.0 2.5 2 1 4 0 0
-2918.4 7086.6 -3.5 182 0 15.9 9.6 10.5 3.5 2 0 3 4 4
-3009.8 4533.5 -5.5 177 0 11.3 22.1 14.0 3.5 2 1 4 5 5
-408.0 1356.4 -4.7 258 0 30.7 18.8 14.0 3.5 2 0 4 5 5
-2854.5 2430.4 -1.7 153 0 9.3 12.5 7.5 2.5 2 1 3 4 4
-2625.6 3030.4 -2.7 0 0 9.5 14.9 10.5 3.5 2 1 3 1 1
-2785.5 5575.4 -3.2 259 0 15.5 15.3 14.0 3.5 2 0 4 5 5
-333.0 924.0 -4.3 89 0 6.1 12.6 7.5 0.0 0 1 3 5 5
654.8 8195.2 -4.7 185 0 32.4 14.2 17.5 3.5 2 0 5 4 4
-3584.7 6994.9 -4.5 3 0 14.5 7.9 10.5 0.0 0 0 3 3 3
-1376.9 1576.1 -3.8 263 0 10.2 8.6 5.0 2.5 2 0 2 1 1
-1376.4 1004.0 -4.4 261 0 7.6 5.5 5.0 0.0 0 0 2 4 4
-4390.6 8329.5 -10.9 116 0 22.2 56.4 14.0 3.5 2 1 4 5 5
1016.9 9052.8 -4.3 174 0 9.6 23.2 10.5 3.5 2 1 3 2 2
1079.6 9197.0 -4.2 264 0 13.9 10.7 17.5 3.5 4 0 5 5 5
970.8 9296.8 -8.9 81 0 12.7 30.7 17.5 3.5 2 1 5 5 5
885.7 9210.5 -5.8 177 0 31.0 8.1 10.5 3.5 2 0 3 0 0
749.0 9306.4 -9.7 178 0 11.7 34.8 7.5 2.5 2 1 3 3 3
754.9 9147.3 -5.9 341 0 11.7 11.9 17.5 3.5 2 1 5 3 3
857.4 9447.2 -10.9 174 0 14.8 25.7 17.5 3.5 2 1 5 3 3
597.6 9624.7 -10.0 351 0 8.2 34.7 10.5 3.5 2 1 3 5 5
513.4 9656.7 -9.7 347 0 6.8 13.6 10.5 3.5 4 1 3 2 2
757.4 9639.6 -10.8 260 0 8.4 11.8 10.5 3.5 2 1 3 4 4
738.0 9634.7 -10.7 261 0 8.4 10.5 10.5 3.5 2 1 3 0 0
690.0 9618.3 -10.4 348 0 9.5 15.9 10.5 3.5 2 1 3 0 0
3824.8 7270.5 -8.1 180 0 16.6 20.1 14.0 3.5 4 1 4 5 5
3782.5 7334.6 -8.5 268 0 11.7 10.7 14.0 3.5 2 0 4 2 2
-1346.2 5744.7 -7.6 84 0 13.3 14.3 14.0 3.5 2 1 4 1 1
-1341.0 5722.7 -6.2 83 0 4.3 8.0 10.5 3.5 2 1 3 4 4
-1326.7 5726.8 -7.1 83 0 13.9 26.8 14.0 3.5 2 1 4 3 3
-1320.3 5787.5 -8.9 350 0 12.7 50.5 14.0 3.5 2 1 4 1 1
-1248.3 5732.7 -6.3 83 0 14.8 24.4 10.0 2.5 4 1 4 5 5
-1216.7 5801.9 -5.4 22 0 15.7 18.0 12.5 0.0 0 1 5 5 5
3316.0 9275.5 -11.5 20 0 26.1 23.5 10.5 3.5 2 0 3 5 5
