6157.2 -2461.9 0.3 91 0 16.2 70.8 5.0 2.5 2 1 2 0 0
5974.8 -2246.4 0.9 184 0 43.7 97.0 10.0 0.0 0 1 4 2 2
2238.9 -9425.7 -21.7 98 0 36.9 17.6 7.5 0.0 0 0 3 3 3
5580.8 -1637.5 1.7 52 0 22.0 11.2 5.0 2.5 2 0 2 1 1
4090.9 -356.9 8.6 189 0 16.4 20.4 17.5 3.5 2 1 5 3 3
4125.9 -310.6 9.2 277 0 16.8 19.5 17.5 3.5 2 1 5 0 0
3814.7 -149.8 11.8 87 0 10.8 25.0 7.5 2.5 2 1 3 5 5
4284.5 -549.9 6.3 356 0 17.5 21.4 14.0 3.5 2 1 4 5 5
4337.3 -417.8 5.5 59 0 9.1 38.1 7.5 0.0 0 1 3 2 2
4329.7 -1054.8 10.5 95 0 8.5 17.5 7.5 2.5 2 1 3 4 4
4249.2 -416.4 6.7 336 0 17.2 14.0 17.5 3.5 2 0 5 1 1
4252.8 -1098.1 12.8 177 0 34.2 14.4 10.5 3.5 2 0 3 4 4
4090.1 -376.3 8.3 180 0 13.5 20.8 17.5 3.5 2 1 5 0 0
4178.0 -472.6 6.6 358 0 8.1 18.8 10.5 3.5 4 1 3 5 5
4365.1 46.0 5.2 100 0 7.4 12.6 7.5 2.5 2 1 3 2 2
4241.3 -374.0 6.9 145 0 8.4 17.0 10.5 3.5 2 1 3 5 5
4290.3 -1190.8 12.3 181 0 9.4 15.2 5.0 2.5 2 1 2 4 4
4398.6 1116.8 9.0 65 0 20.9 21.0 7.5 2.5 2 1 3 4 4
