-5131.2 -9619.4 -278.1 179 0 13.4 44.2 14.0 3.5 2 1 4 3 3
-2907.7 -11062.7 308.4 235 0 11.8 16.2 7.5 0.0 0 1 3 1 1
-3068.3 -10587.7 67.0 182 0 17.6 35.7 15.0 2.5 2 1 6 3 3
-3008.5 -10691.5 79.0 145 0 8.3 8.5 7.5 2.5 2 1 3 0 0
-3314.1 -11673.6 260.0 175 0 13.3 34.9 12.5 2.5 4 1 5 1 1
6491.2 10554.3 -330.7 359 0 10.5 33.4 7.5 2.5 2 1 3 3 3
6378.9 10544.6 -330.5 176 0 5.6 11.3 5.0 2.5 2 1 2 0 0
6425.1 10497.1 -330.5 0 0 16.3 23.2 7.5 2.5 2 1 3 3 3
6383.8 10539.7 -330.5 266 0 10.8 26.0 12.5 0.0 0 1 5 2 2
6356.4 10492.7 -330.4 176 0 15.4 18.8 7.5 2.5 2 1 3 3 3
6390.1 10481.0 -330.4 88 0 9.9 25.8 7.5 2.5 2 1 3 2 2
6404.0 10554.0 -330.6 178 0 8.3 52.4 7.5 2.5 2 1 3 3 3
6438.8 10504.4 -330.6 272 0 18.4 12.9 7.5 2.5 2 0 3 5 5
-2594.9 -9711.0 -37.9 281 0 19.3 21.2 10.0 0.0 0 1 4 5 5
-4617.6 -9179.7 -263.3 269 0 30.8 13.9 14.0 3.5 2 0 4 4 4
-5257.1 -9515.2 -281.3 91 0 10.5 17.3 14.0 3.5 4 1 4 5 5
-5140.1 -9645.4 -277.7 273 0 14.0 8.4 10.5 3.5 2 0 3 5 5
-5208.2 -9615.0 -279.1 179 0 19.8 10.3 10.5 3.5 2 0 3 3 3
-5188.1 -9506.0 -280.6 276 0 10.6 6.5 10.5 3.5 4 0 3 1 1
-5658.7 -9957.5 -281.3 179 0 10.1 28.4 7.5 2.5 2 1 3 1 1
-5156.3 -9613.6 -278.8 1 0 10.2 41.6 10.5 3.5 2 0 3 2 2
-5196.0 -9312.9 -283.3 178 0 24.3 63.7 14.0 3.5 2 1 4 1 1
-5240.6 -9401.2 -282.6 181 0 25.6 14.4 14.0 3.5 4 0 4 0 0
-5888.0 -8649.0 -297.0 358 0 13.8 32.4 15.0 0.0 0 1 6 4 4
-5049.7 -8017.2 -302.3 181 0 14.1 27.1 10.0 0.0 0 1 4 5 5
-6321.0 -6999.2 -312.9 1 0 12.9 24.8 7.5 0.0 0 1 3 4 4
-6310.5 -7681.5 -309.1 4 0 11.5 12.3 5.0 2.5 2 1 2 0 0
-5080.8 -9517.2 -278.5 179 0 31.7 25.8 14.0 0.0 0 0 4 5 5
-5757.1 -9417.7 -289.0 180 0 14.7 32.2 7.5 2.5 2 1 3 2 2
-6244.3 -9804.2 -290.4 359 0 16.9 33.2 5.0 2.5 2 1 2 0 0
